{"auroc": 0.9998069259639655, "aupr": 0.9987355010937595, "y": [0, 3, 4, 0, 1, 7, 0, 6, 1, 3, 6, 3, 6, 5, 5, 1, 2, 1, 5, 6, 7, 1, 4, 2, 7, 2, 3, 2, 4, 0, 6, 5, 0, 5, 4, 4, 0, 7, 1, 4, 4, 1, 2, 6, 5, 6, 3, 6, 1, 2, 7, 3, 3, 5, 5, 5, 5, 2, 3, 3, 1, 7, 0, 4, 7, 6, 1, 0, 2, 3, 7, 1, 3, 2, 2, 7, 4, 0, 2, 6, 4, 2, 7, 1, 4, 6, 7, 0, 4, 3, 4, 7, 5, 6, 5, 0, 0, 6, 2, 7, 6, 6, 1, 5, 2, 2, 7, 6, 3, 0, 7, 3, 5, 2, 3, 1, 6, 0, 4, 1, 6, 2, 3, 2, 6, 1, 0, 7, 0, 4, 4, 5, 4, 2, 7, 0, 4, 2, 7, 4, 0, 2, 6, 4, 3, 1, 5, 7, 3, 3, 7, 6, 4, 4, 3, 6, 7, 7, 4, 2, 0, 3, 0, 3, 1, 1, 6, 7, 3, 4, 4, 7, 7, 3, 6, 6, 0, 0, 2, 1, 7, 0, 4, 2, 0, 3, 4, 1, 2, 3, 6, 0, 2, 0, 1, 7, 3, 6, 1, 0, 3, 1, 2, 3, 1, 0, 0, 4, 0, 2, 7, 6, 1, 5, 2, 7, 4, 1, 2, 4, 2, 5, 1, 6, 5, 4, 1, 6, 0, 1, 7, 2, 4, 1, 0, 2, 7, 7, 1, 6, 5, 5, 0, 2, 3, 3, 4, 2, 5, 7, 1, 7, 2, 6, 1, 3, 2, 4, 6, 6, 1, 3, 3, 3, 4, 5, 2, 6, 3, 1, 6, 2, 0, 6, 4, 2, 7, 0, 0, 7, 4, 6, 0, 7, 0, 0, 6, 7, 5, 6, 2, 5, 0, 2, 4, 1, 7, 2, 2, 2, 6, 2, 3, 4, 6, 3, 7, 4, 5, 6, 0, 3, 4, 4, 5, 0, 2, 5, 3, 4, 4, 4, 4, 4], "y-hat": [[0.548, 0.298, 0.018, 0.008, 0.038, 0.046, 0.004, 0.04], [0.004, 0.002, 0.056, 0.87, 0.0, 0.008, 0.034, 0.026], [0.064, 0.144, 0.022, 0.046, 0.526, 0.092, 0.006, 0.1], [0.972, 0.018, 0.0, 0.004, 0.0, 0.006, 0.0, 0.0], [0.024, 0.826, 0.002, 0.0, 0.086, 0.054, 0.002, 0.006], [0.02, 0.014, 0.052, 0.028, 0.006, 0.01, 0.12, 0.75], [0.68, 0.2, 0.002, 0.0, 0.034, 0.08, 0.0, 0.004], [0.0, 0.002, 0.014, 0.01, 0.0, 0.0, 0.958, 0.016], [0.16, 0.46, 0.058, 0.044, 0.068, 0.05, 0.076, 0.084], [0.002, 0.004, 0.044, 0.872, 0.0, 0.0, 0.074, 0.004], [0.006, 0.004, 0.198, 0.04, 0.0, 0.006, 0.562, 0.184], [0.012, 0.0, 0.184, 0.656, 0.004, 0.01, 0.034, 0.1], [0.01, 0.008, 0.024, 0.062, 0.0, 0.004, 0.752, 0.14], [0.058, 0.042, 0.012, 0.008, 0.122, 0.644, 0.004, 0.11], [0.114, 0.13, 0.0, 0.0, 0.064, 0.672, 0.0, 0.02], [0.074, 0.786, 0.0, 0.0, 0.068, 0.062, 0.0, 0.01], [0.01, 0.006, 0.506, 0.032, 0.0, 0.0, 0.374, 0.072], [0.166, 0.672, 0.014, 0.038, 0.006, 0.038, 0.012, 0.054], [0.034, 0.024, 0.002, 0.002, 0.076, 0.858, 0.0, 0.004], [0.008, 0.012, 0.1, 0.166, 0.0, 0.002, 0.674, 0.038], [0.096, 0.048, 0.06, 0.024, 0.096, 0.036, 0.01, 0.63], [0.146, 0.65, 0.006, 0.002, 0.128, 0.054, 0.004, 0.01], [0.088, 0.2, 0.002, 0.0, 0.564, 0.122, 0.002, 0.022], [0.086, 0.042, 0.648, 0.022, 0.032, 0.048, 0.048, 0.074], [0.04, 0.022, 0.064, 0.052, 0.012, 0.006, 0.028, 0.776], [0.002, 0.006, 0.844, 0.114, 0.0, 0.0, 0.024, 0.01], [0.0, 0.002, 0.04, 0.876, 0.0, 0.0, 0.078, 0.004], [0.004, 0.01, 0.814, 0.048, 0.008, 0.01, 0.062, 0.044], [0.15, 0.104, 0.002, 0.0, 0.668, 0.074, 0.0, 0.002], [0.756, 0.1, 0.01, 0.004, 0.028, 0.092, 0.004, 0.006], [0.0, 0.0, 0.044, 0.024, 0.002, 0.0, 0.9, 0.03], [0.076, 0.146, 0.01, 0.0, 0.132, 0.634, 0.002, 0.0], [0.812, 0.07, 0.0, 0.004, 0.044, 0.056, 0.002, 0.012], [0.042, 0.216, 0.008, 0.01, 0.058, 0.592, 0.02, 0.054], [0.164, 0.11, 0.0, 0.0, 0.664, 0.06, 0.0, 0.002], [0.174, 0.14, 0.0, 0.0, 0.628, 0.056, 0.002, 0.0], [0.548, 0.268, 0.012, 0.016, 0.08, 0.058, 0.002, 0.016], [0.028, 0.014, 0.106, 0.098, 0.014, 0.024, 0.024, 0.692], [0.16, 0.784, 0.004, 0.0, 0.022, 0.02, 0.002, 0.008], [0.122, 0.078, 0.008, 0.006, 0.362, 0.372, 0.0, 0.052], [0.014, 0.014, 0.0, 0.0, 0.962, 0.01, 0.0, 0.0], [0.09, 0.436, 0.002, 0.002, 0.296, 0.154, 0.0, 0.02], [0.0, 0.0, 0.708, 0.222, 0.002, 0.004, 0.05, 0.014], [0.0, 0.0, 0.042, 0.012, 0.0, 0.002, 0.928, 0.016], [0.022, 0.036, 0.0, 0.0, 0.134, 0.808, 0.0, 0.0], [0.002, 0.004, 0.29, 0.092, 0.0, 0.004, 0.59, 0.018], [0.008, 0.014, 0.046, 0.772, 0.0, 0.002, 0.05, 0.108], [0.008, 0.02, 0.072, 0.376, 0.008, 0.006, 0.422, 0.088], [0.192, 0.544, 0.004, 0.002, 0.138, 0.084, 0.012, 0.024], [0.024, 0.02, 0.784, 0.048, 0.008, 0.012, 0.038, 0.066], [0.052, 0.042, 0.018, 0.022, 0.012, 0.074, 0.028, 0.752], [0.0, 0.0, 0.156, 0.554, 0.002, 0.0, 0.262, 0.026], [0.024, 0.014, 0.134, 0.73, 0.01, 0.004, 0.028, 0.056], [0.114, 0.116, 0.02, 0.022, 0.1, 0.6, 0.016, 0.012], [0.058, 0.064, 0.0, 0.0, 0.144, 0.728, 0.0, 0.006], [0.13, 0.07, 0.012, 0.008, 0.09, 0.656, 0.012, 0.022], [0.25, 0.078, 0.004, 0.004, 0.046, 0.6, 0.018, 0.0], [0.006, 0.006, 0.896, 0.026, 0.002, 0.0, 0.022, 0.042], [0.004, 0.004, 0.036, 0.82, 0.004, 0.004, 0.104, 0.024], [0.018, 0.016, 0.142, 0.668, 0.006, 0.008, 0.082, 0.06], [0.206, 0.644, 0.0, 0.002, 0.09, 0.046, 0.002, 0.01], [0.004, 0.0, 0.022, 0.09, 0.002, 0.002, 0.02, 0.86], [0.716, 0.148, 0.03, 0.004, 0.034, 0.008, 0.016, 0.044], [0.266, 0.17, 0.0, 0.002, 0.51, 0.046, 0.0, 0.006], [0.016, 0.018, 0.042, 0.028, 0.008, 0.014, 0.108, 0.766], [0.006, 0.0, 0.11, 0.086, 0.0, 0.002, 0.622, 0.174], [0.14, 0.654, 0.008, 0.002, 0.072, 0.08, 0.01, 0.034], [0.51, 0.306, 0.02, 0.008, 0.064, 0.044, 0.004, 0.044], [0.01, 0.004, 0.76, 0.046, 0.006, 0.01, 0.024, 0.14], [0.004, 0.008, 0.046, 0.89, 0.002, 0.008, 0.026, 0.016], [0.006, 0.0, 0.036, 0.072, 0.004, 0.012, 0.026, 0.844], [0.188, 0.476, 0.038, 0.03, 0.062, 0.132, 0.03, 0.044], [0.044, 0.024, 0.254, 0.352, 0.006, 0.004, 0.154, 0.162], [0.024, 0.044, 0.692, 0.16, 0.03, 0.006, 0.008, 0.036], [0.004, 0.002, 0.86, 0.052, 0.0, 0.002, 0.076, 0.004], [0.024, 0.014, 0.022, 0.028, 0.002, 0.026, 0.012, 0.872], [0.05, 0.068, 0.0, 0.0, 0.85, 0.03, 0.002, 0.0], [0.8, 0.062, 0.006, 0.016, 0.012, 0.098, 0.006, 0.0], [0.0, 0.0, 0.932, 0.008, 0.0, 0.0, 0.052, 0.008], [0.008, 0.002, 0.102, 0.148, 0.002, 0.004, 0.696, 0.038], [0.218, 0.36, 0.0, 0.004, 0.354, 0.05, 0.006, 0.008], [0.018, 0.012, 0.586, 0.074, 0.004, 0.012, 0.254, 0.04], [0.016, 0.012, 0.006, 0.026, 0.002, 0.01, 0.028, 0.9], [0.186, 0.67, 0.004, 0.01, 0.052, 0.076, 0.002, 0.0], [0.068, 0.03, 0.0, 0.004, 0.858, 0.034, 0.002, 0.004], [0.008, 0.002, 0.164, 0.07, 0.002, 0.0, 0.738, 0.016], [0.014, 0.022, 0.224, 0.088, 0.016, 0.006, 0.044, 0.586], [0.424, 0.062, 0.0, 0.0, 0.42, 0.07, 0.0, 0.024], [0.12, 0.078, 0.01, 0.004, 0.546, 0.226, 0.002, 0.014], [0.004, 0.0, 0.066, 0.838, 0.0, 0.0, 0.068, 0.024], [0.266, 0.138, 0.002, 0.002, 0.368, 0.17, 0.004, 0.05], [0.008, 0.01, 0.03, 0.028, 0.006, 0.0, 0.052, 0.866], [0.068, 0.036, 0.008, 0.006, 0.184, 0.67, 0.004, 0.024], [0.01, 0.0, 0.12, 0.246, 0.0, 0.002, 0.602, 0.02], [0.048, 0.056, 0.004, 0.0, 0.222, 0.666, 0.004, 0.0], [0.802, 0.124, 0.0, 0.002, 0.034, 0.018, 0.006, 0.014], [0.774, 0.058, 0.016, 0.002, 0.082, 0.062, 0.0, 0.006], [0.01, 0.004, 0.212, 0.072, 0.004, 0.0, 0.638, 0.06], [0.01, 0.002, 0.594, 0.074, 0.004, 0.004, 0.132, 0.18], [0.204, 0.088, 0.052, 0.068, 0.028, 0.08, 0.082, 0.398], [0.002, 0.002, 0.24, 0.06, 0.0, 0.0, 0.678, 0.018], [0.002, 0.004, 0.186, 0.026, 0.0, 0.002, 0.766, 0.014], [0.06, 0.32, 0.0, 0.0, 0.38, 0.224, 0.0, 0.016], [0.198, 0.114, 0.004, 0.0, 0.208, 0.442, 0.004, 0.03], [0.012, 0.008, 0.606, 0.03, 0.0, 0.004, 0.112, 0.228], [0.0, 0.0, 0.934, 0.008, 0.0, 0.0, 0.056, 0.002], [0.004, 0.006, 0.01, 0.058, 0.0, 0.008, 0.052, 0.862], [0.0, 0.0, 0.018, 0.014, 0.0, 0.0, 0.906, 0.062], [0.004, 0.002, 0.042, 0.688, 0.004, 0.004, 0.23, 0.026], [0.4, 0.324, 0.002, 0.0, 0.186, 0.08, 0.006, 0.002], [0.006, 0.002, 0.018, 0.06, 0.004, 0.008, 0.026, 0.876], [0.0, 0.01, 0.034, 0.676, 0.002, 0.0, 0.242, 0.036], [0.08, 0.046, 0.0, 0.004, 0.078, 0.764, 0.004, 0.024], [0.008, 0.0, 0.87, 0.022, 0.002, 0.002, 0.058, 0.038], [0.006, 0.008, 0.162, 0.678, 0.0, 0.0, 0.122, 0.024], [0.104, 0.668, 0.008, 0.008, 0.086, 0.058, 0.014, 0.054], [0.002, 0.0, 0.008, 0.018, 0.0, 0.0, 0.884, 0.088], [0.924, 0.03, 0.0, 0.01, 0.002, 0.02, 0.014, 0.0], [0.164, 0.062, 0.014, 0.014, 0.61, 0.118, 0.004, 0.014], [0.054, 0.612, 0.022, 0.03, 0.24, 0.03, 0.004, 0.008], [0.004, 0.0, 0.042, 0.084, 0.0, 0.0, 0.802, 0.068], [0.002, 0.002, 0.746, 0.086, 0.0, 0.002, 0.098, 0.064], [0.0, 0.0, 0.022, 0.936, 0.002, 0.0, 0.034, 0.006], [0.004, 0.0, 0.83, 0.046, 0.0, 0.0, 0.09, 0.03], [0.002, 0.004, 0.032, 0.064, 0.002, 0.0, 0.8, 0.096], [0.202, 0.632, 0.002, 0.002, 0.096, 0.06, 0.0, 0.006], [0.446, 0.356, 0.0, 0.02, 0.076, 0.086, 0.004, 0.012], [0.01, 0.012, 0.074, 0.106, 0.006, 0.006, 0.076, 0.71], [0.708, 0.056, 0.002, 0.0, 0.194, 0.026, 0.004, 0.01], [0.15, 0.152, 0.014, 0.004, 0.504, 0.16, 0.006, 0.01], [0.082, 0.026, 0.0, 0.0, 0.67, 0.194, 0.0, 0.028], [0.038, 0.058, 0.002, 0.008, 0.158, 0.654, 0.006, 0.076], [0.08, 0.066, 0.0, 0.002, 0.656, 0.186, 0.002, 0.008], [0.0, 0.006, 0.836, 0.024, 0.004, 0.0, 0.112, 0.018], [0.02, 0.01, 0.102, 0.032, 0.008, 0.016, 0.098, 0.714], [0.672, 0.114, 0.002, 0.004, 0.108, 0.06, 0.004, 0.036], [0.052, 0.016, 0.002, 0.004, 0.828, 0.092, 0.002, 0.004], [0.002, 0.002, 0.92, 0.024, 0.0, 0.0, 0.018, 0.034], [0.018, 0.004, 0.028, 0.03, 0.01, 0.026, 0.18, 0.704], [0.018, 0.014, 0.0, 0.002, 0.93, 0.034, 0.0, 0.002], [0.79, 0.028, 0.004, 0.006, 0.12, 0.028, 0.004, 0.02], [0.042, 0.026, 0.5, 0.294, 0.004, 0.012, 0.078, 0.044], [0.0, 0.0, 0.042, 0.018, 0.0, 0.0, 0.926, 0.014], [0.052, 0.032, 0.004, 0.004, 0.824, 0.074, 0.004, 0.006], [0.004, 0.0, 0.096, 0.58, 0.0, 0.0, 0.302, 0.018], [0.144, 0.638, 0.008, 0.002, 0.116, 0.058, 0.008, 0.026], [0.078, 0.044, 0.012, 0.016, 0.11, 0.666, 0.01, 0.064], [0.192, 0.092, 0.038, 0.082, 0.022, 0.074, 0.084, 0.416], [0.056, 0.006, 0.042, 0.718, 0.018, 0.02, 0.082, 0.058], [0.004, 0.016, 0.094, 0.748, 0.01, 0.012, 0.028, 0.088], [0.01, 0.006, 0.064, 0.068, 0.01, 0.002, 0.126, 0.714], [0.0, 0.002, 0.052, 0.068, 0.002, 0.002, 0.744, 0.13], [0.266, 0.28, 0.002, 0.002, 0.404, 0.04, 0.0, 0.006], [0.074, 0.216, 0.004, 0.0, 0.618, 0.086, 0.0, 0.002], [0.008, 0.006, 0.048, 0.91, 0.0, 0.0, 0.008, 0.02], [0.004, 0.0, 0.1, 0.194, 0.0, 0.004, 0.608, 0.09], [0.004, 0.004, 0.01, 0.04, 0.002, 0.014, 0.02, 0.906], [0.066, 0.044, 0.008, 0.006, 0.034, 0.088, 0.016, 0.738], [0.062, 0.014, 0.0, 0.002, 0.904, 0.014, 0.0, 0.004], [0.006, 0.004, 0.612, 0.022, 0.0, 0.0, 0.318, 0.038], [0.832, 0.062, 0.012, 0.006, 0.012, 0.058, 0.006, 0.012], [0.012, 0.004, 0.05, 0.884, 0.0, 0.002, 0.042, 0.006], [0.754, 0.096, 0.004, 0.016, 0.018, 0.068, 0.022, 0.022], [0.0, 0.0, 0.136, 0.762, 0.0, 0.0, 0.094, 0.008], [0.094, 0.826, 0.006, 0.006, 0.032, 0.028, 0.004, 0.004], [0.156, 0.616, 0.012, 0.008, 0.088, 0.07, 0.018, 0.032], [0.002, 0.002, 0.09, 0.232, 0.0, 0.01, 0.554, 0.11], [0.072, 0.03, 0.006, 0.012, 0.028, 0.032, 0.034, 0.786], [0.002, 0.004, 0.016, 0.964, 0.0, 0.002, 0.008, 0.004], [0.092, 0.078, 0.0, 0.0, 0.758, 0.072, 0.0, 0.0], [0.024, 0.012, 0.004, 0.0, 0.91, 0.048, 0.0, 0.002], [0.002, 0.002, 0.008, 0.01, 0.0, 0.002, 0.03, 0.946], [0.042, 0.03, 0.048, 0.02, 0.02, 0.034, 0.084, 0.722], [0.002, 0.016, 0.114, 0.748, 0.0, 0.006, 0.104, 0.01], [0.01, 0.006, 0.114, 0.114, 0.002, 0.012, 0.536, 0.206], [0.004, 0.0, 0.052, 0.036, 0.004, 0.002, 0.818, 0.084], [0.714, 0.094, 0.002, 0.0, 0.082, 0.072, 0.01, 0.026], [0.862, 0.056, 0.002, 0.01, 0.02, 0.038, 0.01, 0.002], [0.006, 0.002, 0.828, 0.058, 0.002, 0.002, 0.046, 0.056], [0.16, 0.316, 0.088, 0.022, 0.176, 0.198, 0.006, 0.034], [0.002, 0.002, 0.008, 0.056, 0.012, 0.006, 0.006, 0.908], [0.806, 0.084, 0.014, 0.012, 0.026, 0.036, 0.014, 0.008], [0.17, 0.24, 0.002, 0.002, 0.446, 0.104, 0.006, 0.03], [0.006, 0.004, 0.428, 0.042, 0.0, 0.006, 0.45, 0.064], [0.828, 0.046, 0.028, 0.024, 0.012, 0.048, 0.012, 0.002], [0.014, 0.002, 0.06, 0.854, 0.0, 0.006, 0.052, 0.012], [0.034, 0.046, 0.0, 0.0, 0.572, 0.342, 0.002, 0.004], [0.068, 0.624, 0.002, 0.0, 0.208, 0.098, 0.0, 0.0], [0.0, 0.002, 0.948, 0.024, 0.0, 0.0, 0.02, 0.006], [0.0, 0.008, 0.09, 0.576, 0.004, 0.0, 0.076, 0.246], [0.002, 0.002, 0.424, 0.088, 0.0, 0.004, 0.454, 0.026], [0.492, 0.26, 0.002, 0.006, 0.088, 0.146, 0.002, 0.004], [0.012, 0.01, 0.7, 0.07, 0.002, 0.004, 0.136, 0.066], [0.728, 0.138, 0.002, 0.014, 0.03, 0.078, 0.004, 0.006], [0.088, 0.772, 0.002, 0.0, 0.074, 0.058, 0.0, 0.006], [0.022, 0.01, 0.014, 0.054, 0.0, 0.008, 0.026, 0.866], [0.004, 0.002, 0.04, 0.886, 0.002, 0.004, 0.046, 0.016], [0.008, 0.014, 0.054, 0.026, 0.004, 0.004, 0.846, 0.044], [0.244, 0.532, 0.0, 0.004, 0.052, 0.168, 0.0, 0.0], [0.864, 0.06, 0.002, 0.004, 0.046, 0.022, 0.0, 0.002], [0.012, 0.006, 0.142, 0.608, 0.002, 0.0, 0.21, 0.02], [0.064, 0.368, 0.024, 0.008, 0.258, 0.26, 0.004, 0.014], [0.0, 0.0, 0.898, 0.028, 0.0, 0.0, 0.06, 0.014], [0.002, 0.002, 0.034, 0.95, 0.0, 0.0, 0.012, 0.0], [0.026, 0.67, 0.016, 0.022, 0.206, 0.052, 0.004, 0.004], [0.642, 0.108, 0.02, 0.018, 0.078, 0.092, 0.02, 0.022], [0.834, 0.058, 0.002, 0.006, 0.03, 0.064, 0.002, 0.004], [0.114, 0.208, 0.0, 0.0, 0.622, 0.04, 0.0, 0.016], [0.886, 0.056, 0.002, 0.002, 0.022, 0.03, 0.0, 0.002], [0.0, 0.002, 0.884, 0.016, 0.002, 0.0, 0.078, 0.018], [0.0, 0.006, 0.028, 0.036, 0.008, 0.004, 0.096, 0.822], [0.004, 0.0, 0.024, 0.088, 0.0, 0.002, 0.804, 0.078], [0.072, 0.754, 0.002, 0.004, 0.108, 0.056, 0.0, 0.004], [0.158, 0.118, 0.002, 0.004, 0.048, 0.64, 0.006, 0.024], [0.006, 0.006, 0.826, 0.046, 0.002, 0.0, 0.076, 0.038], [0.004, 0.006, 0.028, 0.034, 0.0, 0.0, 0.09, 0.838], [0.06, 0.078, 0.0, 0.0, 0.784, 0.074, 0.0, 0.004], [0.146, 0.526, 0.014, 0.018, 0.108, 0.098, 0.036, 0.054], [0.004, 0.004, 0.878, 0.068, 0.0, 0.0, 0.034, 0.012], [0.052, 0.192, 0.018, 0.022, 0.598, 0.074, 0.002, 0.042], [0.0, 0.002, 0.836, 0.114, 0.0, 0.002, 0.036, 0.01], [0.028, 0.008, 0.002, 0.0, 0.096, 0.866, 0.0, 0.0], [0.222, 0.556, 0.0, 0.014, 0.064, 0.094, 0.014, 0.036], [0.004, 0.002, 0.166, 0.034, 0.0, 0.006, 0.736, 0.052], [0.062, 0.04, 0.002, 0.002, 0.14, 0.746, 0.002, 0.006], [0.018, 0.01, 0.0, 0.002, 0.932, 0.036, 0.0, 0.002], [0.088, 0.764, 0.008, 0.004, 0.078, 0.032, 0.004, 0.022], [0.002, 0.0, 0.152, 0.094, 0.0, 0.002, 0.696, 0.054], [0.948, 0.028, 0.0, 0.0, 0.002, 0.018, 0.0, 0.004], [0.162, 0.76, 0.02, 0.016, 0.014, 0.016, 0.008, 0.004], [0.0, 0.012, 0.06, 0.08, 0.016, 0.008, 0.094, 0.73], [0.004, 0.006, 0.48, 0.03, 0.0, 0.004, 0.426, 0.05], [0.154, 0.184, 0.01, 0.002, 0.426, 0.22, 0.004, 0.0], [0.11, 0.784, 0.002, 0.0, 0.044, 0.06, 0.0, 0.0], [0.898, 0.05, 0.0, 0.0, 0.018, 0.03, 0.0, 0.004], [0.002, 0.0, 0.864, 0.05, 0.0, 0.002, 0.062, 0.02], [0.002, 0.0, 0.008, 0.012, 0.0, 0.0, 0.032, 0.946], [0.042, 0.036, 0.004, 0.008, 0.022, 0.042, 0.046, 0.8], [0.224, 0.586, 0.0, 0.014, 0.09, 0.068, 0.006, 0.012], [0.002, 0.004, 0.034, 0.004, 0.0, 0.0, 0.94, 0.016], [0.138, 0.232, 0.0, 0.002, 0.216, 0.406, 0.002, 0.004], [0.03, 0.048, 0.01, 0.004, 0.216, 0.656, 0.008, 0.028], [0.648, 0.154, 0.024, 0.004, 0.038, 0.102, 0.018, 0.012], [0.002, 0.0, 0.902, 0.052, 0.002, 0.0, 0.038, 0.004], [0.016, 0.004, 0.092, 0.726, 0.004, 0.004, 0.026, 0.128], [0.02, 0.014, 0.2, 0.554, 0.006, 0.004, 0.128, 0.074], [0.24, 0.1, 0.002, 0.002, 0.46, 0.158, 0.004, 0.034], [0.002, 0.002, 0.676, 0.202, 0.0, 0.0, 0.104, 0.014], [0.102, 0.058, 0.002, 0.006, 0.076, 0.726, 0.006, 0.024], [0.068, 0.044, 0.012, 0.012, 0.026, 0.034, 0.018, 0.786], [0.07, 0.798, 0.002, 0.0, 0.076, 0.04, 0.002, 0.012], [0.002, 0.018, 0.054, 0.08, 0.016, 0.006, 0.086, 0.738], [0.01, 0.016, 0.57, 0.108, 0.0, 0.006, 0.14, 0.15], [0.0, 0.0, 0.032, 0.022, 0.0, 0.0, 0.922, 0.024], [0.122, 0.604, 0.03, 0.03, 0.076, 0.04, 0.022, 0.076], [0.008, 0.008, 0.12, 0.668, 0.002, 0.002, 0.188, 0.004], [0.024, 0.02, 0.662, 0.098, 0.0, 0.006, 0.13, 0.06], [0.016, 0.016, 0.004, 0.0, 0.91, 0.042, 0.0, 0.012], [0.002, 0.004, 0.064, 0.01, 0.0, 0.006, 0.868, 0.046], [0.002, 0.002, 0.034, 0.07, 0.0, 0.002, 0.794, 0.096], [0.156, 0.668, 0.012, 0.008, 0.058, 0.04, 0.008, 0.05], [0.004, 0.004, 0.048, 0.638, 0.006, 0.016, 0.068, 0.216], [0.002, 0.002, 0.014, 0.97, 0.0, 0.002, 0.006, 0.004], [0.004, 0.004, 0.152, 0.682, 0.002, 0.0, 0.126, 0.03], [0.09, 0.044, 0.016, 0.012, 0.698, 0.13, 0.008, 0.002], [0.026, 0.008, 0.0, 0.0, 0.212, 0.754, 0.0, 0.0], [0.0, 0.004, 0.956, 0.016, 0.0, 0.0, 0.02, 0.004], [0.006, 0.006, 0.076, 0.194, 0.004, 0.01, 0.616, 0.088], [0.004, 0.0, 0.16, 0.626, 0.0, 0.0, 0.198, 0.012], [0.11, 0.54, 0.052, 0.024, 0.06, 0.05, 0.058, 0.106], [0.02, 0.006, 0.1, 0.222, 0.0, 0.002, 0.636, 0.014], [0.002, 0.004, 0.918, 0.03, 0.0, 0.0, 0.038, 0.008], [0.648, 0.176, 0.016, 0.006, 0.106, 0.032, 0.0, 0.016], [0.006, 0.002, 0.042, 0.082, 0.0, 0.004, 0.786, 0.078], [0.166, 0.162, 0.022, 0.006, 0.524, 0.104, 0.002, 0.014], [0.004, 0.004, 0.806, 0.048, 0.0, 0.0, 0.07, 0.068], [0.008, 0.008, 0.012, 0.058, 0.0, 0.016, 0.036, 0.862], [0.694, 0.15, 0.026, 0.01, 0.038, 0.05, 0.014, 0.018], [0.524, 0.266, 0.002, 0.014, 0.064, 0.106, 0.012, 0.012], [0.184, 0.058, 0.07, 0.104, 0.03, 0.06, 0.118, 0.376], [0.082, 0.13, 0.002, 0.0, 0.64, 0.124, 0.0, 0.022], [0.006, 0.004, 0.058, 0.022, 0.0, 0.004, 0.848, 0.058], [0.566, 0.164, 0.004, 0.006, 0.038, 0.178, 0.024, 0.02], [0.002, 0.006, 0.026, 0.01, 0.0, 0.002, 0.054, 0.9], [0.722, 0.084, 0.0, 0.002, 0.05, 0.126, 0.002, 0.014], [0.69, 0.044, 0.0, 0.0, 0.202, 0.05, 0.002, 0.012], [0.008, 0.006, 0.296, 0.088, 0.006, 0.012, 0.548, 0.036], [0.012, 0.012, 0.032, 0.052, 0.006, 0.004, 0.094, 0.788], [0.098, 0.034, 0.002, 0.0, 0.058, 0.802, 0.0, 0.006], [0.012, 0.004, 0.17, 0.096, 0.0, 0.002, 0.698, 0.018], [0.008, 0.006, 0.83, 0.024, 0.0, 0.01, 0.036, 0.086], [0.094, 0.084, 0.004, 0.01, 0.11, 0.624, 0.006, 0.068], [0.798, 0.042, 0.022, 0.0, 0.098, 0.024, 0.01, 0.006], [0.004, 0.0, 0.948, 0.012, 0.0, 0.0, 0.03, 0.006], [0.098, 0.082, 0.0, 0.002, 0.654, 0.146, 0.004, 0.014], [0.166, 0.572, 0.002, 0.008, 0.094, 0.136, 0.012, 0.01], [0.004, 0.006, 0.018, 0.018, 0.004, 0.014, 0.05, 0.886], [0.004, 0.0, 0.898, 0.052, 0.002, 0.0, 0.026, 0.018], [0.002, 0.0, 0.764, 0.078, 0.0, 0.0, 0.13, 0.026], [0.002, 0.008, 0.7, 0.062, 0.0, 0.002, 0.134, 0.092], [0.004, 0.008, 0.06, 0.03, 0.0, 0.006, 0.842, 0.05], [0.0, 0.0, 0.884, 0.024, 0.0, 0.0, 0.086, 0.006], [0.026, 0.032, 0.218, 0.476, 0.036, 0.012, 0.062, 0.138], [0.12, 0.034, 0.0, 0.004, 0.642, 0.15, 0.0, 0.05], [0.01, 0.014, 0.034, 0.05, 0.002, 0.008, 0.706, 0.176], [0.0, 0.004, 0.036, 0.672, 0.002, 0.0, 0.268, 0.018], [0.004, 0.006, 0.004, 0.026, 0.004, 0.01, 0.046, 0.9], [0.054, 0.038, 0.002, 0.0, 0.85, 0.056, 0.0, 0.0], [0.1, 0.086, 0.004, 0.004, 0.072, 0.686, 0.016, 0.032], [0.004, 0.002, 0.1, 0.05, 0.002, 0.004, 0.782, 0.056], [0.618, 0.216, 0.02, 0.006, 0.07, 0.05, 0.002, 0.018], [0.002, 0.002, 0.08, 0.814, 0.0, 0.0, 0.076, 0.026], [0.162, 0.136, 0.0, 0.0, 0.61, 0.082, 0.002, 0.008], [0.01, 0.006, 0.0, 0.0, 0.954, 0.03, 0.0, 0.0], [0.054, 0.068, 0.002, 0.0, 0.142, 0.728, 0.0, 0.006], [0.534, 0.348, 0.01, 0.006, 0.032, 0.05, 0.008, 0.012], [0.002, 0.002, 0.744, 0.146, 0.0, 0.0, 0.092, 0.014], [0.06, 0.062, 0.008, 0.002, 0.286, 0.55, 0.004, 0.028], [0.002, 0.002, 0.034, 0.938, 0.0, 0.0, 0.018, 0.006], [0.094, 0.082, 0.018, 0.004, 0.588, 0.19, 0.01, 0.014], [0.044, 0.042, 0.002, 0.0, 0.594, 0.314, 0.0, 0.004], [0.058, 0.038, 0.004, 0.008, 0.746, 0.144, 0.0, 0.002], [0.024, 0.058, 0.002, 0.012, 0.82, 0.082, 0.002, 0.0], [0.182, 0.136, 0.0, 0.002, 0.594, 0.072, 0.006, 0.008]], "computation-time": 2.4069461822509766, "max-memory-usage": 42685424}