{"auroc": 0.9914099738535294, "aupr": 0.9496976532338146, "y": [0, 3, 4, 0, 1, 7, 0, 6, 1, 3, 6, 3, 6, 5, 5, 1, 2, 1, 5, 6, 7, 1, 4, 2, 7, 2, 3, 2, 4, 0, 6, 5, 0, 5, 4, 4, 0, 7, 1, 4, 4, 1, 2, 6, 5, 6, 3, 6, 1, 2, 7, 3, 3, 5, 5, 5, 5, 2, 3, 3, 1, 7, 0, 4, 7, 6, 1, 0, 2, 3, 7, 1, 3, 2, 2, 7, 4, 0, 2, 6, 4, 2, 7, 1, 4, 6, 7, 0, 4, 3, 4, 7, 5, 6, 5, 0, 0, 6, 2, 7, 6, 6, 1, 5, 2, 2, 7, 6, 3, 0, 7, 3, 5, 2, 3, 1, 6, 0, 4, 1, 6, 2, 3, 2, 6, 1, 0, 7, 0, 4, 4, 5, 4, 2, 7, 0, 4, 2, 7, 4, 0, 2, 6, 4, 3, 1, 5, 7, 3, 3, 7, 6, 4, 4, 3, 6, 7, 7, 4, 2, 0, 3, 0, 3, 1, 1, 6, 7, 3, 4, 4, 7, 7, 3, 6, 6, 0, 0, 2, 1, 7, 0, 4, 2, 0, 3, 4, 1, 2, 3, 6, 0, 2, 0, 1, 7, 3, 6, 1, 0, 3, 1, 2, 3, 1, 0, 0, 4, 0, 2, 7, 6, 1, 5, 2, 7, 4, 1, 2, 4, 2, 5, 1, 6, 5, 4, 1, 6, 0, 1, 7, 2, 4, 1, 0, 2, 7, 7, 1, 6, 5, 5, 0, 2, 3, 3, 4, 2, 5, 7, 1, 7, 2, 6, 1, 3, 2, 4, 6, 6, 1, 3, 3, 3, 4, 5, 2, 6, 3, 1, 6, 2, 0, 6, 4, 2, 7, 0, 0, 7, 4, 6, 0, 7, 0, 0, 6, 7, 5, 6, 2, 5, 0, 2, 4, 1, 7, 2, 2, 2, 6, 2, 3, 4, 6, 3, 7, 4, 5, 6, 0, 3, 4, 4, 5, 0, 2, 5, 3, 4, 4, 4, 4, 4], "y-hat": [[0.312, 0.292, 0.034, 0.198, 0.0, 0.0, 0.02, 0.144], [0.094, 0.16, 0.05, 0.306, 0.004, 0.004, 0.188, 0.194], [0.048, 0.156, 0.03, 0.002, 0.606, 0.082, 0.004, 0.072], [0.498, 0.4, 0.0, 0.02, 0.022, 0.006, 0.02, 0.034], [0.04, 0.388, 0.006, 0.006, 0.106, 0.396, 0.014, 0.044], [0.0, 0.014, 0.074, 0.01, 0.004, 0.0, 0.546, 0.352], [0.65, 0.092, 0.0, 0.0, 0.16, 0.094, 0.004, 0.0], [0.046, 0.046, 0.012, 0.006, 0.046, 0.008, 0.65, 0.186], [0.102, 0.394, 0.056, 0.056, 0.068, 0.046, 0.108, 0.17], [0.004, 0.01, 0.094, 0.604, 0.0, 0.0, 0.28, 0.008], [0.034, 0.252, 0.05, 0.016, 0.092, 0.012, 0.212, 0.332], [0.0, 0.0, 0.124, 0.848, 0.006, 0.0, 0.016, 0.006], [0.16, 0.152, 0.054, 0.4, 0.022, 0.052, 0.07, 0.09], [0.02, 0.042, 0.006, 0.002, 0.348, 0.528, 0.012, 0.042], [0.222, 0.062, 0.0, 0.0, 0.08, 0.636, 0.0, 0.0], [0.038, 0.922, 0.0, 0.0, 0.022, 0.018, 0.0, 0.0], [0.008, 0.008, 0.364, 0.05, 0.002, 0.0, 0.346, 0.222], [0.202, 0.59, 0.002, 0.056, 0.038, 0.01, 0.032, 0.07], [0.12, 0.046, 0.0, 0.0, 0.4, 0.428, 0.0, 0.006], [0.032, 0.028, 0.026, 0.174, 0.0, 0.0, 0.538, 0.202], [0.044, 0.028, 0.016, 0.028, 0.016, 0.0, 0.004, 0.864], [0.072, 0.36, 0.004, 0.014, 0.112, 0.054, 0.21, 0.174], [0.116, 0.09, 0.012, 0.0, 0.224, 0.044, 0.07, 0.444], [0.02, 0.014, 0.612, 0.164, 0.0, 0.012, 0.03, 0.148], [0.082, 0.17, 0.026, 0.03, 0.052, 0.014, 0.002, 0.624], [0.0, 0.002, 0.762, 0.036, 0.0, 0.004, 0.058, 0.138], [0.002, 0.04, 0.026, 0.864, 0.002, 0.0, 0.036, 0.03], [0.014, 0.016, 0.496, 0.006, 0.002, 0.024, 0.256, 0.186], [0.114, 0.08, 0.0, 0.0, 0.66, 0.146, 0.0, 0.0], [0.738, 0.046, 0.002, 0.082, 0.026, 0.042, 0.048, 0.016], [0.004, 0.02, 0.184, 0.07, 0.004, 0.0, 0.638, 0.08], [0.02, 0.05, 0.0, 0.0, 0.308, 0.618, 0.002, 0.002], [0.702, 0.078, 0.0, 0.002, 0.094, 0.062, 0.014, 0.048], [0.052, 0.34, 0.018, 0.002, 0.066, 0.478, 0.01, 0.034], [0.162, 0.052, 0.0, 0.002, 0.68, 0.1, 0.0, 0.004], [0.222, 0.05, 0.0, 0.008, 0.602, 0.106, 0.006, 0.006], [0.65, 0.186, 0.016, 0.02, 0.032, 0.02, 0.028, 0.048], [0.102, 0.058, 0.382, 0.022, 0.004, 0.028, 0.082, 0.322], [0.058, 0.792, 0.002, 0.002, 0.056, 0.08, 0.004, 0.006], [0.176, 0.016, 0.036, 0.0, 0.194, 0.208, 0.242, 0.128], [0.05, 0.012, 0.0, 0.0, 0.66, 0.278, 0.0, 0.0], [0.078, 0.652, 0.002, 0.002, 0.19, 0.066, 0.002, 0.008], [0.004, 0.0, 0.838, 0.076, 0.0, 0.006, 0.034, 0.042], [0.078, 0.138, 0.086, 0.018, 0.024, 0.05, 0.37, 0.236], [0.126, 0.082, 0.002, 0.002, 0.172, 0.592, 0.004, 0.02], [0.012, 0.034, 0.14, 0.034, 0.004, 0.004, 0.534, 0.238], [0.014, 0.0, 0.256, 0.598, 0.002, 0.0, 0.086, 0.044], [0.07, 0.102, 0.054, 0.2, 0.012, 0.018, 0.286, 0.258], [0.098, 0.528, 0.002, 0.004, 0.052, 0.086, 0.078, 0.152], [0.012, 0.004, 0.75, 0.102, 0.006, 0.002, 0.02, 0.104], [0.096, 0.04, 0.036, 0.016, 0.028, 0.336, 0.074, 0.374], [0.02, 0.008, 0.274, 0.544, 0.0, 0.002, 0.086, 0.066], [0.05, 0.016, 0.078, 0.444, 0.006, 0.002, 0.116, 0.288], [0.234, 0.084, 0.056, 0.016, 0.076, 0.442, 0.034, 0.058], [0.208, 0.124, 0.0, 0.004, 0.152, 0.496, 0.002, 0.014], [0.134, 0.038, 0.006, 0.002, 0.058, 0.666, 0.066, 0.03], [0.448, 0.116, 0.0, 0.0, 0.138, 0.258, 0.024, 0.016], [0.004, 0.006, 0.944, 0.014, 0.0, 0.0, 0.01, 0.022], [0.29, 0.156, 0.026, 0.254, 0.032, 0.004, 0.036, 0.202], [0.016, 0.022, 0.046, 0.512, 0.0, 0.004, 0.22, 0.18], [0.272, 0.572, 0.0, 0.0, 0.042, 0.112, 0.002, 0.0], [0.06, 0.004, 0.004, 0.09, 0.018, 0.0, 0.0, 0.824], [0.694, 0.182, 0.004, 0.02, 0.024, 0.014, 0.018, 0.044], [0.22, 0.162, 0.004, 0.04, 0.296, 0.024, 0.076, 0.178], [0.008, 0.006, 0.238, 0.03, 0.012, 0.002, 0.118, 0.586], [0.082, 0.028, 0.08, 0.088, 0.004, 0.004, 0.584, 0.13], [0.316, 0.364, 0.086, 0.044, 0.01, 0.026, 0.038, 0.116], [0.3, 0.29, 0.036, 0.226, 0.0, 0.0, 0.02, 0.128], [0.002, 0.002, 0.926, 0.028, 0.0, 0.0, 0.006, 0.036], [0.056, 0.012, 0.128, 0.77, 0.0, 0.0, 0.002, 0.032], [0.02, 0.02, 0.136, 0.192, 0.012, 0.006, 0.04, 0.574], [0.232, 0.408, 0.072, 0.07, 0.01, 0.018, 0.06, 0.13], [0.026, 0.03, 0.114, 0.316, 0.0, 0.004, 0.248, 0.262], [0.052, 0.026, 0.55, 0.302, 0.0, 0.002, 0.004, 0.064], [0.01, 0.0, 0.648, 0.15, 0.0, 0.0, 0.044, 0.148], [0.018, 0.004, 0.118, 0.226, 0.0, 0.006, 0.224, 0.404], [0.19, 0.11, 0.0, 0.01, 0.58, 0.09, 0.006, 0.014], [0.494, 0.246, 0.008, 0.088, 0.07, 0.022, 0.024, 0.048], [0.01, 0.002, 0.73, 0.044, 0.0, 0.0, 0.03, 0.184], [0.04, 0.05, 0.026, 0.166, 0.008, 0.002, 0.462, 0.246], [0.1, 0.146, 0.006, 0.024, 0.484, 0.002, 0.062, 0.176], [0.142, 0.054, 0.22, 0.002, 0.032, 0.132, 0.266, 0.152], [0.03, 0.018, 0.112, 0.134, 0.0, 0.0, 0.118, 0.588], [0.228, 0.506, 0.002, 0.042, 0.018, 0.046, 0.008, 0.15], [0.102, 0.014, 0.0, 0.0, 0.772, 0.108, 0.002, 0.002], [0.098, 0.046, 0.056, 0.0, 0.024, 0.16, 0.582, 0.034], [0.024, 0.024, 0.552, 0.028, 0.0, 0.016, 0.076, 0.28], [0.58, 0.082, 0.0, 0.018, 0.166, 0.088, 0.022, 0.044], [0.044, 0.008, 0.0, 0.002, 0.812, 0.132, 0.0, 0.002], [0.004, 0.01, 0.058, 0.716, 0.0, 0.0, 0.208, 0.004], [0.228, 0.066, 0.004, 0.008, 0.53, 0.022, 0.034, 0.108], [0.008, 0.016, 0.038, 0.004, 0.018, 0.002, 0.192, 0.722], [0.004, 0.002, 0.0, 0.002, 0.348, 0.636, 0.0, 0.008], [0.134, 0.042, 0.056, 0.114, 0.0, 0.0, 0.498, 0.156], [0.014, 0.008, 0.0, 0.0, 0.188, 0.788, 0.0, 0.002], [0.714, 0.188, 0.0, 0.0, 0.07, 0.022, 0.0, 0.006], [0.368, 0.422, 0.022, 0.034, 0.014, 0.0, 0.054, 0.086], [0.002, 0.002, 0.368, 0.038, 0.002, 0.0, 0.412, 0.176], [0.006, 0.0, 0.698, 0.022, 0.0, 0.002, 0.072, 0.2], [0.304, 0.114, 0.01, 0.036, 0.072, 0.008, 0.034, 0.422], [0.0, 0.0, 0.608, 0.024, 0.002, 0.002, 0.304, 0.06], [0.072, 0.042, 0.03, 0.0, 0.014, 0.114, 0.682, 0.046], [0.056, 0.236, 0.0, 0.0, 0.538, 0.16, 0.004, 0.006], [0.102, 0.042, 0.016, 0.0, 0.076, 0.604, 0.072, 0.088], [0.002, 0.0, 0.886, 0.006, 0.0, 0.0, 0.094, 0.012], [0.016, 0.006, 0.782, 0.098, 0.0, 0.0, 0.06, 0.038], [0.164, 0.1, 0.01, 0.086, 0.018, 0.006, 0.042, 0.574], [0.002, 0.008, 0.038, 0.044, 0.002, 0.0, 0.888, 0.018], [0.194, 0.218, 0.012, 0.372, 0.056, 0.006, 0.074, 0.068], [0.524, 0.288, 0.006, 0.01, 0.054, 0.066, 0.02, 0.032], [0.002, 0.018, 0.126, 0.186, 0.0, 0.01, 0.152, 0.506], [0.004, 0.01, 0.032, 0.628, 0.0, 0.002, 0.308, 0.016], [0.042, 0.21, 0.0, 0.004, 0.124, 0.604, 0.0, 0.016], [0.012, 0.006, 0.88, 0.008, 0.0, 0.0, 0.03, 0.064], [0.048, 0.028, 0.054, 0.53, 0.0, 0.002, 0.114, 0.224], [0.098, 0.606, 0.0, 0.004, 0.048, 0.052, 0.092, 0.1], [0.014, 0.024, 0.038, 0.024, 0.008, 0.002, 0.82, 0.07], [0.532, 0.302, 0.0, 0.004, 0.016, 0.132, 0.012, 0.002], [0.188, 0.02, 0.048, 0.008, 0.576, 0.066, 0.016, 0.078], [0.122, 0.67, 0.02, 0.044, 0.012, 0.006, 0.016, 0.11], [0.002, 0.0, 0.03, 0.11, 0.0, 0.0, 0.814, 0.044], [0.002, 0.002, 0.95, 0.008, 0.0, 0.0, 0.008, 0.03], [0.082, 0.026, 0.094, 0.762, 0.0, 0.002, 0.006, 0.028], [0.002, 0.0, 0.846, 0.006, 0.002, 0.0, 0.08, 0.064], [0.048, 0.142, 0.016, 0.082, 0.016, 0.016, 0.564, 0.116], [0.316, 0.4, 0.004, 0.03, 0.052, 0.084, 0.03, 0.084], [0.44, 0.29, 0.0, 0.0, 0.102, 0.166, 0.0, 0.002], [0.012, 0.012, 0.502, 0.212, 0.006, 0.0, 0.054, 0.202], [0.442, 0.092, 0.004, 0.006, 0.14, 0.112, 0.078, 0.126], [0.106, 0.004, 0.002, 0.0, 0.718, 0.154, 0.008, 0.008], [0.092, 0.016, 0.002, 0.002, 0.77, 0.046, 0.054, 0.018], [0.002, 0.018, 0.0, 0.0, 0.124, 0.852, 0.0, 0.004], [0.088, 0.012, 0.01, 0.002, 0.748, 0.086, 0.046, 0.008], [0.008, 0.012, 0.842, 0.038, 0.012, 0.0, 0.032, 0.056], [0.114, 0.044, 0.158, 0.024, 0.034, 0.004, 0.458, 0.164], [0.454, 0.24, 0.002, 0.01, 0.232, 0.032, 0.004, 0.026], [0.058, 0.032, 0.008, 0.0, 0.498, 0.362, 0.008, 0.034], [0.0, 0.002, 0.824, 0.016, 0.0, 0.0, 0.008, 0.15], [0.052, 0.026, 0.048, 0.004, 0.116, 0.026, 0.27, 0.458], [0.0, 0.016, 0.0, 0.0, 0.548, 0.434, 0.0, 0.002], [0.672, 0.03, 0.004, 0.0, 0.136, 0.032, 0.052, 0.074], [0.06, 0.024, 0.346, 0.076, 0.0, 0.012, 0.28, 0.202], [0.016, 0.008, 0.142, 0.008, 0.008, 0.0, 0.698, 0.12], [0.032, 0.04, 0.0, 0.002, 0.372, 0.552, 0.0, 0.002], [0.022, 0.008, 0.102, 0.602, 0.002, 0.0, 0.156, 0.108], [0.04, 0.664, 0.0, 0.0, 0.104, 0.172, 0.0, 0.02], [0.04, 0.124, 0.006, 0.01, 0.328, 0.44, 0.012, 0.04], [0.304, 0.114, 0.01, 0.036, 0.072, 0.008, 0.034, 0.422], [0.062, 0.066, 0.092, 0.318, 0.004, 0.06, 0.278, 0.12], [0.084, 0.08, 0.12, 0.53, 0.002, 0.004, 0.022, 0.158], [0.008, 0.014, 0.658, 0.12, 0.002, 0.0, 0.042, 0.156], [0.014, 0.034, 0.044, 0.516, 0.004, 0.0, 0.266, 0.122], [0.11, 0.208, 0.004, 0.042, 0.278, 0.006, 0.108, 0.244], [0.156, 0.128, 0.0, 0.0, 0.694, 0.022, 0.0, 0.0], [0.196, 0.108, 0.024, 0.534, 0.0, 0.008, 0.024, 0.106], [0.032, 0.024, 0.17, 0.068, 0.0, 0.004, 0.494, 0.208], [0.036, 0.106, 0.102, 0.148, 0.006, 0.008, 0.184, 0.41], [0.176, 0.076, 0.004, 0.026, 0.138, 0.132, 0.058, 0.39], [0.272, 0.01, 0.0, 0.002, 0.62, 0.036, 0.006, 0.054], [0.01, 0.008, 0.71, 0.178, 0.018, 0.0, 0.024, 0.052], [0.54, 0.09, 0.008, 0.106, 0.026, 0.1, 0.104, 0.026], [0.002, 0.002, 0.066, 0.65, 0.0, 0.0, 0.276, 0.004], [0.606, 0.268, 0.0, 0.008, 0.044, 0.046, 0.006, 0.022], [0.0, 0.002, 0.264, 0.676, 0.0, 0.002, 0.016, 0.04], [0.22, 0.33, 0.01, 0.034, 0.086, 0.04, 0.21, 0.07], [0.064, 0.414, 0.01, 0.008, 0.142, 0.088, 0.102, 0.172], [0.02, 0.016, 0.21, 0.068, 0.0, 0.008, 0.238, 0.44], [0.262, 0.238, 0.0, 0.004, 0.068, 0.064, 0.022, 0.342], [0.01, 0.01, 0.016, 0.892, 0.0, 0.002, 0.06, 0.01], [0.028, 0.006, 0.0, 0.0, 0.89, 0.07, 0.002, 0.004], [0.0, 0.012, 0.0, 0.0, 0.546, 0.442, 0.0, 0.0], [0.008, 0.008, 0.018, 0.0, 0.004, 0.0, 0.064, 0.898], [0.016, 0.104, 0.082, 0.004, 0.056, 0.034, 0.11, 0.594], [0.006, 0.064, 0.034, 0.666, 0.002, 0.0, 0.19, 0.038], [0.016, 0.02, 0.132, 0.036, 0.008, 0.012, 0.668, 0.108], [0.052, 0.026, 0.026, 0.022, 0.072, 0.002, 0.648, 0.152], [0.55, 0.178, 0.002, 0.002, 0.088, 0.122, 0.008, 0.05], [0.538, 0.234, 0.0, 0.006, 0.016, 0.118, 0.032, 0.056], [0.038, 0.012, 0.828, 0.058, 0.0, 0.0, 0.01, 0.054], [0.092, 0.406, 0.052, 0.042, 0.042, 0.006, 0.012, 0.348], [0.164, 0.066, 0.066, 0.13, 0.014, 0.002, 0.014, 0.544], [0.444, 0.068, 0.162, 0.072, 0.006, 0.012, 0.1, 0.136], [0.104, 0.262, 0.006, 0.026, 0.304, 0.008, 0.088, 0.202], [0.05, 0.04, 0.44, 0.064, 0.03, 0.006, 0.258, 0.112], [0.286, 0.08, 0.202, 0.18, 0.002, 0.006, 0.126, 0.118], [0.058, 0.076, 0.094, 0.436, 0.008, 0.054, 0.146, 0.128], [0.006, 0.008, 0.0, 0.0, 0.362, 0.622, 0.002, 0.0], [0.048, 0.662, 0.0, 0.002, 0.27, 0.018, 0.0, 0.0], [0.004, 0.0, 0.872, 0.044, 0.002, 0.004, 0.032, 0.042], [0.004, 0.006, 0.242, 0.682, 0.008, 0.0, 0.038, 0.02], [0.01, 0.036, 0.234, 0.024, 0.0, 0.004, 0.438, 0.254], [0.35, 0.126, 0.002, 0.002, 0.186, 0.322, 0.006, 0.006], [0.0, 0.0, 0.87, 0.016, 0.002, 0.0, 0.078, 0.034], [0.52, 0.21, 0.016, 0.094, 0.052, 0.012, 0.044, 0.052], [0.044, 0.878, 0.0, 0.0, 0.016, 0.058, 0.0, 0.004], [0.024, 0.004, 0.116, 0.216, 0.0, 0.0, 0.126, 0.514], [0.058, 0.06, 0.048, 0.478, 0.004, 0.0, 0.198, 0.154], [0.008, 0.012, 0.018, 0.002, 0.022, 0.014, 0.556, 0.368], [0.394, 0.338, 0.0, 0.002, 0.156, 0.106, 0.0, 0.004], [0.714, 0.122, 0.0, 0.066, 0.024, 0.026, 0.036, 0.012], [0.03, 0.014, 0.02, 0.532, 0.0, 0.0, 0.136, 0.268], [0.14, 0.592, 0.01, 0.006, 0.094, 0.12, 0.01, 0.028], [0.002, 0.002, 0.838, 0.102, 0.002, 0.0, 0.05, 0.004], [0.004, 0.02, 0.038, 0.81, 0.0, 0.002, 0.092, 0.034], [0.09, 0.762, 0.002, 0.046, 0.01, 0.002, 0.01, 0.078], [0.432, 0.188, 0.052, 0.07, 0.026, 0.07, 0.08, 0.082], [0.772, 0.162, 0.0, 0.006, 0.014, 0.016, 0.014, 0.016], [0.138, 0.202, 0.01, 0.016, 0.354, 0.03, 0.014, 0.236], [0.804, 0.116, 0.004, 0.026, 0.016, 0.016, 0.004, 0.014], [0.01, 0.016, 0.87, 0.036, 0.008, 0.002, 0.022, 0.036], [0.022, 0.03, 0.05, 0.026, 0.052, 0.002, 0.168, 0.65], [0.026, 0.006, 0.078, 0.038, 0.002, 0.006, 0.776, 0.068], [0.232, 0.546, 0.014, 0.022, 0.052, 0.072, 0.02, 0.042], [0.318, 0.114, 0.0, 0.016, 0.136, 0.384, 0.016, 0.016], [0.002, 0.002, 0.922, 0.006, 0.0, 0.0, 0.014, 0.054], [0.006, 0.018, 0.024, 0.012, 0.014, 0.004, 0.13, 0.792], [0.254, 0.118, 0.002, 0.002, 0.292, 0.314, 0.002, 0.016], [0.084, 0.434, 0.01, 0.0, 0.148, 0.084, 0.104, 0.136], [0.0, 0.0, 0.772, 0.182, 0.0, 0.0, 0.02, 0.026], [0.064, 0.128, 0.006, 0.002, 0.464, 0.314, 0.012, 0.01], [0.014, 0.01, 0.896, 0.078, 0.0, 0.0, 0.0, 0.002], [0.014, 0.01, 0.0, 0.0, 0.24, 0.736, 0.0, 0.0], [0.178, 0.4, 0.0, 0.078, 0.19, 0.024, 0.026, 0.104], [0.002, 0.006, 0.144, 0.016, 0.0, 0.004, 0.756, 0.072], [0.134, 0.14, 0.0, 0.0, 0.142, 0.558, 0.0, 0.026], [0.086, 0.01, 0.0, 0.0, 0.566, 0.33, 0.004, 0.004], [0.074, 0.492, 0.002, 0.008, 0.038, 0.052, 0.156, 0.178], [0.114, 0.046, 0.092, 0.142, 0.004, 0.002, 0.494, 0.106], [0.746, 0.152, 0.0, 0.0, 0.05, 0.052, 0.0, 0.0], [0.074, 0.82, 0.008, 0.046, 0.002, 0.002, 0.006, 0.042], [0.01, 0.046, 0.556, 0.112, 0.012, 0.0, 0.096, 0.168], [0.052, 0.048, 0.598, 0.098, 0.02, 0.002, 0.112, 0.07], [0.07, 0.014, 0.002, 0.004, 0.712, 0.194, 0.0, 0.004], [0.028, 0.944, 0.0, 0.002, 0.0, 0.012, 0.004, 0.01], [0.698, 0.096, 0.002, 0.004, 0.05, 0.112, 0.016, 0.022], [0.01, 0.002, 0.886, 0.018, 0.002, 0.0, 0.016, 0.066], [0.0, 0.012, 0.006, 0.004, 0.002, 0.0, 0.054, 0.922], [0.16, 0.11, 0.002, 0.004, 0.022, 0.152, 0.036, 0.514], [0.142, 0.494, 0.0, 0.01, 0.112, 0.202, 0.008, 0.032], [0.062, 0.044, 0.014, 0.01, 0.018, 0.014, 0.788, 0.05], [0.218, 0.062, 0.0, 0.002, 0.23, 0.41, 0.024, 0.054], [0.002, 0.074, 0.0, 0.0, 0.276, 0.624, 0.004, 0.02], [0.44, 0.066, 0.002, 0.004, 0.246, 0.206, 0.02, 0.016], [0.004, 0.004, 0.758, 0.19, 0.004, 0.0, 0.026, 0.014], [0.046, 0.002, 0.074, 0.61, 0.002, 0.002, 0.0, 0.264], [0.038, 0.008, 0.08, 0.318, 0.0, 0.004, 0.386, 0.166], [0.238, 0.064, 0.004, 0.008, 0.528, 0.026, 0.03, 0.102], [0.004, 0.0, 0.69, 0.292, 0.0, 0.0, 0.01, 0.004], [0.162, 0.126, 0.0, 0.0, 0.108, 0.602, 0.0, 0.002], [0.268, 0.096, 0.002, 0.028, 0.128, 0.148, 0.072, 0.258], [0.048, 0.834, 0.0, 0.0, 0.092, 0.026, 0.0, 0.0], [0.006, 0.03, 0.096, 0.08, 0.008, 0.006, 0.264, 0.51], [0.002, 0.002, 0.646, 0.122, 0.0, 0.0, 0.098, 0.13], [0.044, 0.024, 0.052, 0.038, 0.036, 0.004, 0.608, 0.194], [0.106, 0.594, 0.0, 0.0, 0.08, 0.206, 0.0, 0.014], [0.046, 0.022, 0.056, 0.552, 0.004, 0.0, 0.25, 0.07], [0.066, 0.036, 0.496, 0.026, 0.012, 0.022, 0.046, 0.296], [0.006, 0.08, 0.004, 0.002, 0.612, 0.29, 0.0, 0.006], [0.056, 0.192, 0.09, 0.022, 0.072, 0.028, 0.33, 0.21], [0.012, 0.014, 0.096, 0.02, 0.008, 0.012, 0.78, 0.058], [0.404, 0.376, 0.014, 0.044, 0.008, 0.008, 0.112, 0.034], [0.002, 0.002, 0.162, 0.818, 0.01, 0.0, 0.002, 0.004], [0.008, 0.012, 0.03, 0.89, 0.0, 0.0, 0.048, 0.012], [0.038, 0.01, 0.116, 0.58, 0.0, 0.0, 0.164, 0.092], [0.104, 0.024, 0.004, 0.0, 0.614, 0.204, 0.018, 0.032], [0.0, 0.006, 0.0, 0.0, 0.366, 0.624, 0.0, 0.004], [0.012, 0.008, 0.758, 0.2, 0.002, 0.0, 0.01, 0.01], [0.028, 0.014, 0.128, 0.12, 0.0, 0.008, 0.374, 0.328], [0.0, 0.002, 0.234, 0.612, 0.0, 0.002, 0.098, 0.052], [0.048, 0.434, 0.05, 0.008, 0.17, 0.028, 0.162, 0.1], [0.062, 0.018, 0.042, 0.244, 0.0, 0.006, 0.538, 0.09], [0.004, 0.002, 0.804, 0.104, 0.002, 0.002, 0.026, 0.056], [0.634, 0.022, 0.004, 0.004, 0.078, 0.136, 0.062, 0.06], [0.014, 0.022, 0.062, 0.062, 0.006, 0.004, 0.676, 0.154], [0.146, 0.11, 0.094, 0.02, 0.37, 0.052, 0.018, 0.19], [0.002, 0.002, 0.842, 0.028, 0.0, 0.0, 0.022, 0.104], [0.05, 0.054, 0.034, 0.036, 0.008, 0.022, 0.038, 0.758], [0.546, 0.074, 0.0, 0.0, 0.218, 0.124, 0.01, 0.028], [0.462, 0.232, 0.0, 0.002, 0.11, 0.19, 0.0, 0.004], [0.304, 0.114, 0.01, 0.036, 0.072, 0.008, 0.034, 0.422], [0.216, 0.008, 0.002, 0.0, 0.618, 0.04, 0.05, 0.066], [0.054, 0.198, 0.046, 0.014, 0.05, 0.022, 0.32, 0.296], [0.628, 0.242, 0.002, 0.01, 0.01, 0.042, 0.042, 0.024], [0.002, 0.008, 0.044, 0.008, 0.0, 0.0, 0.064, 0.874], [0.56, 0.262, 0.014, 0.008, 0.03, 0.026, 0.012, 0.088], [0.496, 0.108, 0.008, 0.03, 0.13, 0.154, 0.034, 0.04], [0.008, 0.014, 0.058, 0.014, 0.0, 0.0, 0.862, 0.044], [0.012, 0.018, 0.126, 0.056, 0.008, 0.006, 0.222, 0.552], [0.244, 0.14, 0.0, 0.0, 0.108, 0.494, 0.0, 0.014], [0.098, 0.014, 0.148, 0.0, 0.01, 0.086, 0.614, 0.03], [0.002, 0.002, 0.92, 0.026, 0.0, 0.0, 0.02, 0.03], [0.136, 0.13, 0.01, 0.018, 0.132, 0.182, 0.128, 0.264], [0.436, 0.074, 0.002, 0.0, 0.314, 0.12, 0.026, 0.028], [0.002, 0.0, 0.786, 0.048, 0.004, 0.002, 0.088, 0.07], [0.246, 0.074, 0.016, 0.006, 0.38, 0.052, 0.104, 0.122], [0.142, 0.686, 0.008, 0.018, 0.056, 0.042, 0.006, 0.042], [0.088, 0.094, 0.144, 0.098, 0.006, 0.02, 0.246, 0.304], [0.02, 0.004, 0.76, 0.194, 0.004, 0.0, 0.006, 0.012], [0.0, 0.0, 0.652, 0.074, 0.006, 0.0, 0.114, 0.154], [0.014, 0.0, 0.702, 0.042, 0.0, 0.0, 0.066, 0.176], [0.008, 0.044, 0.084, 0.02, 0.006, 0.032, 0.698, 0.108], [0.002, 0.0, 0.826, 0.144, 0.002, 0.004, 0.014, 0.008], [0.23, 0.328, 0.072, 0.122, 0.016, 0.004, 0.004, 0.224], [0.098, 0.03, 0.004, 0.002, 0.79, 0.032, 0.026, 0.018], [0.034, 0.04, 0.026, 0.352, 0.008, 0.004, 0.468, 0.068], [0.01, 0.008, 0.03, 0.634, 0.006, 0.0, 0.274, 0.038], [0.162, 0.142, 0.016, 0.056, 0.028, 0.002, 0.062, 0.532], [0.008, 0.012, 0.0, 0.0, 0.5, 0.478, 0.0, 0.002], [0.38, 0.048, 0.004, 0.002, 0.134, 0.382, 0.018, 0.032], [0.002, 0.012, 0.204, 0.01, 0.0, 0.0, 0.56, 0.212], [0.35, 0.214, 0.044, 0.116, 0.006, 0.026, 0.048, 0.196], [0.024, 0.014, 0.02, 0.716, 0.002, 0.0, 0.172, 0.052], [0.21, 0.164, 0.0, 0.0, 0.464, 0.154, 0.008, 0.0], [0.032, 0.012, 0.0, 0.0, 0.748, 0.206, 0.002, 0.0], [0.174, 0.116, 0.0, 0.006, 0.124, 0.486, 0.032, 0.062], [0.684, 0.114, 0.0, 0.0, 0.158, 0.04, 0.004, 0.0], [0.012, 0.014, 0.776, 0.182, 0.002, 0.0, 0.01, 0.004], [0.004, 0.026, 0.0, 0.0, 0.178, 0.792, 0.0, 0.0], [0.044, 0.08, 0.022, 0.784, 0.0, 0.0, 0.022, 0.048], [0.0, 0.0, 0.0, 0.0, 0.886, 0.11, 0.0, 0.004], [0.002, 0.014, 0.0, 0.0, 0.388, 0.596, 0.0, 0.0], [0.064, 0.012, 0.004, 0.004, 0.636, 0.238, 0.016, 0.026], [0.006, 0.012, 0.0, 0.006, 0.724, 0.226, 0.002, 0.024], [0.216, 0.158, 0.0, 0.008, 0.604, 0.004, 0.002, 0.008]], "computation-time": 19.57207679748535, "max-memory-usage": 53275607}