{"auroc": 0.9995546768185077, "aupr": 0.9970303627732356, "y": [5, 6, 4, 7, 4, 1, 1, 4, 4, 4, 2, 5, 3, 0, 6, 7, 3, 0, 5, 2, 3, 0, 3, 4, 7, 7, 5, 6, 4, 7, 7, 0, 2, 2, 3, 2, 7, 2, 5, 6, 3, 6, 4, 7, 6, 7, 6, 3, 4, 0, 4, 4, 1, 0, 3, 2, 2, 2, 3, 0, 0, 4, 7, 4, 2, 7, 3, 2, 7, 0, 1, 6, 7, 1, 1, 0, 3, 1, 4, 7, 0, 7, 6, 2, 2, 2, 0, 0, 2, 5, 0, 7, 0, 2, 1, 4, 1, 7, 2, 7, 6, 3, 1, 0, 5, 3, 1, 7, 1, 3, 6, 7, 3, 2, 4, 0, 4, 7, 1, 2, 7, 2, 0, 2, 2, 6, 6, 3, 7, 1, 1, 4, 5, 6, 1, 2, 6, 7, 3, 3, 5, 6, 2, 0, 0, 5, 5, 0, 7, 6, 2, 1, 1, 1, 7, 0, 5, 7, 1, 1, 4, 4, 1, 0, 5, 6, 4, 7, 1, 4, 7, 6, 0, 0, 2, 6, 5, 0, 6, 4, 6, 1, 0, 3, 5, 6, 6, 2, 3, 3, 3, 0, 4, 0, 7, 5, 0, 2, 4, 0, 2, 6, 2, 3, 1, 6, 7, 3, 3, 7, 0, 3, 0, 0, 3, 0, 2, 7, 1, 2, 3, 0, 1, 0, 3, 2, 5, 7, 7, 6, 4, 1, 5, 5, 2, 6, 7, 0, 2, 5, 3, 5, 5, 3, 4, 3, 7, 5, 5, 6, 1, 7, 5, 4, 7, 3, 1, 5, 0, 5, 1, 0, 7, 1, 3, 6, 1, 0, 4, 4, 5, 3, 6, 6, 3, 7, 7, 6, 6, 3, 1, 3, 3, 5, 0, 6, 0, 2, 4, 3, 4, 6, 4, 0, 7, 3, 7, 2, 1, 7, 5, 3, 6, 6, 0, 4, 1, 3, 1, 3, 6, 2, 1, 3, 0, 4, 6, 1, 1, 2, 2, 2, 4, 3], "y-hat": [[0.072, 0.154, 0.004, 0.002, 0.056, 0.692, 0.004, 0.016], [0.04, 0.016, 0.182, 0.048, 0.008, 0.02, 0.666, 0.02], [0.012, 0.022, 0.002, 0.0, 0.886, 0.07, 0.004, 0.004], [0.014, 0.022, 0.09, 0.118, 0.028, 0.018, 0.004, 0.706], [0.044, 0.014, 0.0, 0.0, 0.904, 0.038, 0.0, 0.0], [0.088, 0.688, 0.022, 0.018, 0.038, 0.128, 0.002, 0.016], [0.176, 0.614, 0.022, 0.024, 0.062, 0.074, 0.02, 0.008], [0.124, 0.356, 0.0, 0.0, 0.47, 0.044, 0.002, 0.004], [0.062, 0.05, 0.0, 0.0, 0.846, 0.04, 0.0, 0.002], [0.194, 0.08, 0.0, 0.0, 0.626, 0.096, 0.0, 0.004], [0.004, 0.006, 0.736, 0.118, 0.0, 0.002, 0.124, 0.01], [0.08, 0.128, 0.002, 0.006, 0.076, 0.688, 0.006, 0.014], [0.002, 0.0, 0.078, 0.75, 0.0, 0.0, 0.15, 0.02], [0.694, 0.07, 0.066, 0.014, 0.018, 0.058, 0.066, 0.014], [0.032, 0.004, 0.13, 0.07, 0.002, 0.004, 0.716, 0.042], [0.01, 0.036, 0.068, 0.022, 0.006, 0.0, 0.084, 0.774], [0.004, 0.0, 0.034, 0.836, 0.0, 0.002, 0.032, 0.092], [0.388, 0.072, 0.0, 0.0, 0.49, 0.022, 0.0, 0.028], [0.138, 0.166, 0.002, 0.008, 0.208, 0.398, 0.002, 0.078], [0.01, 0.004, 0.472, 0.13, 0.002, 0.002, 0.344, 0.036], [0.016, 0.0, 0.128, 0.526, 0.0, 0.0, 0.324, 0.006], [0.484, 0.118, 0.02, 0.02, 0.164, 0.144, 0.026, 0.024], [0.0, 0.012, 0.064, 0.704, 0.0, 0.0, 0.06, 0.16], [0.022, 0.074, 0.002, 0.006, 0.776, 0.106, 0.0, 0.014], [0.006, 0.004, 0.016, 0.122, 0.0, 0.002, 0.042, 0.808], [0.012, 0.012, 0.062, 0.024, 0.0, 0.002, 0.014, 0.874], [0.02, 0.036, 0.0, 0.0, 0.36, 0.582, 0.0, 0.002], [0.002, 0.004, 0.18, 0.158, 0.0, 0.002, 0.582, 0.072], [0.064, 0.024, 0.006, 0.0, 0.84, 0.062, 0.002, 0.002], [0.026, 0.028, 0.126, 0.204, 0.038, 0.018, 0.01, 0.55], [0.01, 0.014, 0.016, 0.084, 0.0, 0.006, 0.032, 0.838], [0.854, 0.036, 0.02, 0.008, 0.014, 0.03, 0.028, 0.01], [0.026, 0.0, 0.774, 0.04, 0.0, 0.004, 0.14, 0.016], [0.026, 0.004, 0.49, 0.194, 0.008, 0.0, 0.246, 0.032], [0.0, 0.0, 0.064, 0.774, 0.0, 0.0, 0.048, 0.114], [0.002, 0.012, 0.708, 0.108, 0.002, 0.002, 0.146, 0.02], [0.016, 0.026, 0.08, 0.044, 0.008, 0.02, 0.042, 0.764], [0.006, 0.004, 0.786, 0.114, 0.004, 0.004, 0.056, 0.026], [0.09, 0.148, 0.01, 0.002, 0.168, 0.532, 0.016, 0.034], [0.002, 0.002, 0.172, 0.238, 0.0, 0.002, 0.504, 0.08], [0.0, 0.002, 0.042, 0.676, 0.0, 0.0, 0.254, 0.026], [0.008, 0.002, 0.022, 0.074, 0.0, 0.004, 0.836, 0.054], [0.072, 0.048, 0.0, 0.0, 0.73, 0.15, 0.0, 0.0], [0.016, 0.046, 0.016, 0.05, 0.004, 0.002, 0.142, 0.724], [0.01, 0.004, 0.188, 0.084, 0.0, 0.008, 0.696, 0.01], [0.008, 0.024, 0.106, 0.038, 0.012, 0.034, 0.06, 0.718], [0.008, 0.002, 0.034, 0.174, 0.0, 0.002, 0.76, 0.02], [0.002, 0.002, 0.05, 0.904, 0.004, 0.0, 0.03, 0.008], [0.014, 0.002, 0.0, 0.002, 0.922, 0.058, 0.0, 0.002], [0.89, 0.06, 0.004, 0.01, 0.004, 0.012, 0.012, 0.008], [0.118, 0.056, 0.0, 0.0, 0.662, 0.164, 0.0, 0.0], [0.224, 0.202, 0.004, 0.0, 0.468, 0.08, 0.004, 0.018], [0.178, 0.696, 0.0, 0.004, 0.03, 0.076, 0.004, 0.012], [0.628, 0.032, 0.002, 0.0, 0.25, 0.084, 0.0, 0.004], [0.002, 0.002, 0.048, 0.814, 0.0, 0.0, 0.12, 0.014], [0.016, 0.004, 0.592, 0.104, 0.0, 0.0, 0.262, 0.022], [0.002, 0.002, 0.772, 0.114, 0.0, 0.0, 0.108, 0.002], [0.002, 0.0, 0.904, 0.022, 0.0, 0.0, 0.066, 0.006], [0.006, 0.006, 0.042, 0.8, 0.0, 0.0, 0.122, 0.024], [0.636, 0.06, 0.082, 0.052, 0.01, 0.052, 0.084, 0.024], [0.64, 0.13, 0.002, 0.002, 0.122, 0.084, 0.006, 0.014], [0.016, 0.016, 0.0, 0.0, 0.918, 0.044, 0.0, 0.006], [0.004, 0.008, 0.072, 0.174, 0.01, 0.002, 0.002, 0.728], [0.03, 0.066, 0.012, 0.01, 0.798, 0.064, 0.002, 0.018], [0.02, 0.012, 0.446, 0.2, 0.0, 0.004, 0.254, 0.064], [0.084, 0.042, 0.3, 0.078, 0.002, 0.016, 0.054, 0.424], [0.0, 0.0, 0.1, 0.724, 0.0, 0.002, 0.168, 0.006], [0.008, 0.0, 0.86, 0.06, 0.002, 0.004, 0.02, 0.046], [0.006, 0.008, 0.03, 0.096, 0.0, 0.004, 0.062, 0.794], [0.674, 0.19, 0.004, 0.002, 0.052, 0.066, 0.006, 0.006], [0.044, 0.838, 0.004, 0.0, 0.06, 0.032, 0.01, 0.012], [0.004, 0.0, 0.162, 0.126, 0.0, 0.006, 0.636, 0.066], [0.012, 0.02, 0.03, 0.03, 0.006, 0.004, 0.084, 0.814], [0.246, 0.338, 0.08, 0.04, 0.114, 0.114, 0.034, 0.034], [0.094, 0.798, 0.024, 0.014, 0.034, 0.028, 0.0, 0.008], [0.736, 0.076, 0.02, 0.012, 0.036, 0.09, 0.02, 0.01], [0.006, 0.006, 0.054, 0.63, 0.0, 0.0, 0.27, 0.034], [0.176, 0.704, 0.002, 0.002, 0.04, 0.068, 0.0, 0.008], [0.094, 0.038, 0.0, 0.0, 0.68, 0.186, 0.002, 0.0], [0.024, 0.08, 0.006, 0.01, 0.004, 0.004, 0.128, 0.744], [0.886, 0.026, 0.018, 0.018, 0.004, 0.01, 0.034, 0.004], [0.06, 0.012, 0.142, 0.112, 0.008, 0.012, 0.152, 0.502], [0.022, 0.008, 0.122, 0.116, 0.004, 0.012, 0.688, 0.028], [0.002, 0.002, 0.922, 0.026, 0.0, 0.002, 0.022, 0.024], [0.008, 0.024, 0.646, 0.07, 0.0, 0.004, 0.144, 0.104], [0.032, 0.012, 0.75, 0.092, 0.008, 0.01, 0.056, 0.04], [0.888, 0.062, 0.002, 0.008, 0.012, 0.008, 0.004, 0.016], [0.624, 0.146, 0.01, 0.004, 0.09, 0.108, 0.008, 0.01], [0.004, 0.006, 0.772, 0.074, 0.002, 0.0, 0.11, 0.032], [0.212, 0.27, 0.004, 0.006, 0.094, 0.35, 0.014, 0.05], [0.558, 0.15, 0.002, 0.0, 0.196, 0.072, 0.008, 0.014], [0.036, 0.03, 0.098, 0.102, 0.016, 0.016, 0.002, 0.7], [0.536, 0.176, 0.01, 0.002, 0.138, 0.116, 0.012, 0.01], [0.014, 0.012, 0.708, 0.064, 0.0, 0.004, 0.082, 0.116], [0.22, 0.542, 0.002, 0.01, 0.054, 0.114, 0.008, 0.05], [0.292, 0.118, 0.002, 0.002, 0.498, 0.064, 0.01, 0.014], [0.138, 0.718, 0.05, 0.026, 0.014, 0.034, 0.008, 0.012], [0.084, 0.018, 0.022, 0.01, 0.018, 0.02, 0.034, 0.794], [0.008, 0.002, 0.668, 0.152, 0.004, 0.0, 0.104, 0.062], [0.006, 0.006, 0.02, 0.212, 0.002, 0.002, 0.088, 0.664], [0.006, 0.002, 0.254, 0.156, 0.0, 0.0, 0.506, 0.076], [0.002, 0.0, 0.058, 0.884, 0.0, 0.0, 0.03, 0.026], [0.166, 0.504, 0.046, 0.038, 0.074, 0.064, 0.044, 0.064], [0.602, 0.2, 0.008, 0.014, 0.092, 0.056, 0.006, 0.022], [0.004, 0.036, 0.0, 0.0, 0.238, 0.72, 0.0, 0.002], [0.002, 0.004, 0.068, 0.794, 0.004, 0.002, 0.04, 0.086], [0.144, 0.644, 0.02, 0.012, 0.03, 0.104, 0.006, 0.04], [0.006, 0.026, 0.08, 0.092, 0.004, 0.014, 0.086, 0.692], [0.172, 0.584, 0.026, 0.006, 0.06, 0.128, 0.022, 0.002], [0.008, 0.008, 0.014, 0.892, 0.0, 0.0, 0.034, 0.044], [0.002, 0.004, 0.062, 0.182, 0.0, 0.0, 0.722, 0.028], [0.054, 0.01, 0.182, 0.11, 0.002, 0.012, 0.108, 0.522], [0.042, 0.016, 0.078, 0.586, 0.002, 0.008, 0.212, 0.056], [0.004, 0.006, 0.644, 0.066, 0.002, 0.012, 0.022, 0.244], [0.2, 0.126, 0.002, 0.0, 0.59, 0.052, 0.0, 0.03], [0.336, 0.098, 0.002, 0.0, 0.49, 0.06, 0.0, 0.014], [0.074, 0.088, 0.0, 0.0, 0.54, 0.292, 0.0, 0.006], [0.156, 0.05, 0.258, 0.084, 0.022, 0.05, 0.062, 0.318], [0.076, 0.784, 0.0, 0.002, 0.064, 0.034, 0.01, 0.03], [0.026, 0.004, 0.67, 0.154, 0.014, 0.0, 0.074, 0.058], [0.008, 0.012, 0.028, 0.046, 0.002, 0.004, 0.092, 0.808], [0.0, 0.002, 0.894, 0.038, 0.0, 0.0, 0.058, 0.008], [0.41, 0.456, 0.006, 0.006, 0.054, 0.048, 0.008, 0.012], [0.0, 0.002, 0.732, 0.196, 0.0, 0.0, 0.056, 0.014], [0.004, 0.004, 0.764, 0.132, 0.0, 0.0, 0.086, 0.01], [0.026, 0.012, 0.178, 0.046, 0.002, 0.02, 0.682, 0.034], [0.002, 0.002, 0.07, 0.094, 0.0, 0.0, 0.81, 0.022], [0.016, 0.02, 0.114, 0.59, 0.002, 0.004, 0.052, 0.202], [0.016, 0.024, 0.034, 0.11, 0.002, 0.008, 0.092, 0.714], [0.09, 0.77, 0.0, 0.002, 0.038, 0.078, 0.006, 0.016], [0.044, 0.816, 0.0, 0.0, 0.096, 0.042, 0.0, 0.002], [0.008, 0.012, 0.002, 0.0, 0.766, 0.208, 0.002, 0.002], [0.146, 0.084, 0.0, 0.002, 0.12, 0.644, 0.002, 0.002], [0.0, 0.0, 0.034, 0.12, 0.0, 0.0, 0.84, 0.006], [0.114, 0.544, 0.008, 0.014, 0.054, 0.106, 0.004, 0.156], [0.006, 0.002, 0.856, 0.034, 0.0, 0.004, 0.072, 0.026], [0.006, 0.01, 0.048, 0.062, 0.0, 0.002, 0.666, 0.206], [0.082, 0.096, 0.01, 0.016, 0.074, 0.05, 0.076, 0.596], [0.01, 0.014, 0.2, 0.564, 0.018, 0.002, 0.03, 0.162], [0.002, 0.006, 0.064, 0.818, 0.0, 0.0, 0.038, 0.072], [0.172, 0.132, 0.004, 0.012, 0.058, 0.614, 0.006, 0.002], [0.008, 0.008, 0.356, 0.044, 0.002, 0.006, 0.538, 0.038], [0.062, 0.022, 0.69, 0.054, 0.022, 0.052, 0.036, 0.062], [0.448, 0.038, 0.0, 0.0, 0.49, 0.02, 0.0, 0.004], [0.454, 0.174, 0.016, 0.008, 0.154, 0.15, 0.004, 0.04], [0.05, 0.108, 0.0, 0.002, 0.128, 0.704, 0.0, 0.008], [0.052, 0.098, 0.0, 0.0, 0.05, 0.79, 0.0, 0.01], [0.562, 0.118, 0.006, 0.004, 0.216, 0.086, 0.004, 0.004], [0.008, 0.052, 0.052, 0.024, 0.002, 0.012, 0.144, 0.706], [0.006, 0.002, 0.17, 0.144, 0.0, 0.0, 0.646, 0.032], [0.006, 0.002, 0.804, 0.084, 0.0, 0.0, 0.092, 0.012], [0.188, 0.614, 0.0, 0.008, 0.04, 0.07, 0.0, 0.08], [0.128, 0.672, 0.016, 0.006, 0.056, 0.068, 0.002, 0.052], [0.084, 0.71, 0.002, 0.006, 0.136, 0.048, 0.0, 0.014], [0.02, 0.042, 0.026, 0.016, 0.002, 0.006, 0.034, 0.854], [0.716, 0.068, 0.048, 0.026, 0.042, 0.062, 0.022, 0.016], [0.116, 0.19, 0.002, 0.0, 0.108, 0.578, 0.0, 0.006], [0.08, 0.05, 0.138, 0.148, 0.07, 0.014, 0.004, 0.496], [0.118, 0.738, 0.058, 0.024, 0.014, 0.026, 0.004, 0.018], [0.15, 0.788, 0.02, 0.002, 0.008, 0.018, 0.0, 0.014], [0.106, 0.036, 0.002, 0.0, 0.57, 0.28, 0.0, 0.006], [0.018, 0.028, 0.0, 0.0, 0.866, 0.082, 0.0, 0.006], [0.188, 0.67, 0.012, 0.03, 0.01, 0.048, 0.016, 0.026], [0.744, 0.056, 0.028, 0.026, 0.026, 0.094, 0.024, 0.002], [0.262, 0.204, 0.014, 0.008, 0.024, 0.466, 0.016, 0.006], [0.006, 0.012, 0.16, 0.03, 0.0, 0.012, 0.76, 0.02], [0.182, 0.15, 0.002, 0.0, 0.558, 0.092, 0.002, 0.014], [0.018, 0.06, 0.02, 0.014, 0.032, 0.026, 0.01, 0.82], [0.05, 0.786, 0.01, 0.006, 0.05, 0.074, 0.006, 0.018], [0.114, 0.144, 0.0, 0.002, 0.706, 0.02, 0.004, 0.01], [0.058, 0.02, 0.094, 0.038, 0.002, 0.02, 0.042, 0.726], [0.026, 0.012, 0.154, 0.062, 0.0, 0.016, 0.698, 0.032], [0.636, 0.186, 0.004, 0.002, 0.046, 0.108, 0.01, 0.008], [0.2, 0.46, 0.042, 0.034, 0.038, 0.022, 0.042, 0.162], [0.01, 0.006, 0.508, 0.11, 0.0, 0.004, 0.342, 0.02], [0.006, 0.016, 0.084, 0.026, 0.0, 0.006, 0.718, 0.144], [0.098, 0.076, 0.006, 0.004, 0.088, 0.684, 0.002, 0.042], [0.45, 0.28, 0.002, 0.0, 0.178, 0.074, 0.008, 0.008], [0.012, 0.002, 0.318, 0.16, 0.0, 0.002, 0.478, 0.028], [0.102, 0.046, 0.01, 0.004, 0.684, 0.14, 0.008, 0.006], [0.016, 0.004, 0.158, 0.036, 0.002, 0.006, 0.768, 0.01], [0.078, 0.266, 0.0, 0.0, 0.346, 0.308, 0.0, 0.002], [0.56, 0.148, 0.002, 0.0, 0.234, 0.036, 0.004, 0.016], [0.002, 0.008, 0.086, 0.696, 0.002, 0.0, 0.15, 0.056], [0.02, 0.082, 0.004, 0.002, 0.126, 0.764, 0.0, 0.002], [0.002, 0.002, 0.06, 0.1, 0.0, 0.002, 0.8, 0.034], [0.008, 0.016, 0.11, 0.082, 0.002, 0.004, 0.756, 0.022], [0.006, 0.004, 0.862, 0.088, 0.0, 0.0, 0.024, 0.016], [0.002, 0.002, 0.042, 0.856, 0.0, 0.0, 0.09, 0.008], [0.01, 0.008, 0.318, 0.464, 0.006, 0.004, 0.078, 0.112], [0.0, 0.0, 0.092, 0.808, 0.0, 0.002, 0.096, 0.002], [0.902, 0.044, 0.01, 0.0, 0.004, 0.02, 0.01, 0.01], [0.264, 0.19, 0.002, 0.002, 0.446, 0.086, 0.004, 0.006], [0.84, 0.052, 0.002, 0.002, 0.022, 0.068, 0.014, 0.0], [0.022, 0.022, 0.21, 0.136, 0.002, 0.008, 0.132, 0.468], [0.158, 0.216, 0.002, 0.004, 0.074, 0.512, 0.012, 0.022], [0.67, 0.14, 0.012, 0.0, 0.064, 0.11, 0.004, 0.0], [0.012, 0.01, 0.782, 0.134, 0.006, 0.002, 0.022, 0.032], [0.322, 0.124, 0.0, 0.0, 0.456, 0.094, 0.0, 0.004], [0.606, 0.15, 0.03, 0.036, 0.024, 0.114, 0.026, 0.014], [0.004, 0.008, 0.698, 0.188, 0.0, 0.0, 0.096, 0.006], [0.004, 0.004, 0.114, 0.242, 0.0, 0.004, 0.52, 0.112], [0.01, 0.004, 0.818, 0.102, 0.006, 0.002, 0.022, 0.036], [0.008, 0.016, 0.044, 0.772, 0.002, 0.004, 0.062, 0.092], [0.088, 0.6, 0.002, 0.0, 0.224, 0.086, 0.0, 0.0], [0.004, 0.002, 0.186, 0.09, 0.0, 0.002, 0.702, 0.014], [0.01, 0.006, 0.068, 0.006, 0.002, 0.018, 0.022, 0.868], [0.004, 0.012, 0.062, 0.678, 0.0, 0.002, 0.08, 0.162], [0.006, 0.008, 0.07, 0.622, 0.0, 0.002, 0.25, 0.042], [0.044, 0.024, 0.258, 0.062, 0.004, 0.004, 0.074, 0.53], [0.498, 0.4, 0.0, 0.004, 0.046, 0.044, 0.002, 0.006], [0.002, 0.006, 0.106, 0.826, 0.0, 0.0, 0.032, 0.028], [0.842, 0.038, 0.0, 0.0, 0.102, 0.012, 0.0, 0.006], [0.55, 0.206, 0.0, 0.004, 0.124, 0.102, 0.002, 0.012], [0.002, 0.002, 0.058, 0.878, 0.0, 0.0, 0.042, 0.018], [0.674, 0.042, 0.002, 0.0, 0.214, 0.056, 0.002, 0.01], [0.002, 0.004, 0.924, 0.024, 0.0, 0.0, 0.034, 0.012], [0.022, 0.002, 0.03, 0.144, 0.0, 0.012, 0.034, 0.756], [0.134, 0.724, 0.0, 0.002, 0.066, 0.072, 0.002, 0.0], [0.008, 0.01, 0.524, 0.11, 0.0, 0.002, 0.318, 0.028], [0.004, 0.0, 0.12, 0.732, 0.0, 0.0, 0.136, 0.008], [0.54, 0.342, 0.002, 0.002, 0.048, 0.062, 0.002, 0.002], [0.078, 0.678, 0.0, 0.004, 0.136, 0.096, 0.0, 0.008], [0.778, 0.056, 0.0, 0.0, 0.132, 0.024, 0.0, 0.01], [0.026, 0.05, 0.27, 0.442, 0.018, 0.01, 0.028, 0.156], [0.004, 0.0, 0.79, 0.052, 0.0, 0.0, 0.148, 0.006], [0.124, 0.118, 0.004, 0.002, 0.06, 0.68, 0.0, 0.012], [0.016, 0.004, 0.032, 0.02, 0.0, 0.016, 0.02, 0.892], [0.034, 0.01, 0.136, 0.128, 0.022, 0.004, 0.006, 0.66], [0.0, 0.004, 0.054, 0.024, 0.0, 0.0, 0.872, 0.046], [0.098, 0.042, 0.0, 0.0, 0.6, 0.256, 0.0, 0.004], [0.088, 0.374, 0.002, 0.0, 0.384, 0.15, 0.0, 0.002], [0.028, 0.054, 0.0, 0.002, 0.04, 0.872, 0.0, 0.004], [0.032, 0.094, 0.002, 0.002, 0.07, 0.78, 0.0, 0.02], [0.004, 0.02, 0.694, 0.048, 0.004, 0.002, 0.162, 0.066], [0.006, 0.004, 0.038, 0.058, 0.0, 0.002, 0.858, 0.034], [0.034, 0.058, 0.084, 0.062, 0.018, 0.016, 0.114, 0.614], [0.418, 0.076, 0.0, 0.0, 0.454, 0.036, 0.0, 0.016], [0.0, 0.0, 0.758, 0.038, 0.0, 0.0, 0.194, 0.01], [0.178, 0.138, 0.036, 0.01, 0.04, 0.494, 0.028, 0.076], [0.002, 0.006, 0.07, 0.756, 0.002, 0.0, 0.134, 0.03], [0.166, 0.066, 0.0, 0.002, 0.086, 0.654, 0.002, 0.024], [0.052, 0.068, 0.006, 0.002, 0.188, 0.658, 0.002, 0.024], [0.016, 0.004, 0.2, 0.608, 0.0, 0.002, 0.102, 0.068], [0.052, 0.052, 0.0, 0.0, 0.884, 0.012, 0.0, 0.0], [0.008, 0.008, 0.182, 0.656, 0.0, 0.004, 0.088, 0.054], [0.038, 0.044, 0.114, 0.244, 0.028, 0.02, 0.02, 0.492], [0.174, 0.114, 0.03, 0.008, 0.066, 0.536, 0.014, 0.058], [0.192, 0.266, 0.006, 0.002, 0.11, 0.374, 0.012, 0.038], [0.002, 0.004, 0.084, 0.098, 0.0, 0.0, 0.802, 0.01], [0.19, 0.586, 0.002, 0.0, 0.134, 0.05, 0.014, 0.024], [0.016, 0.008, 0.048, 0.124, 0.002, 0.008, 0.064, 0.73], [0.032, 0.03, 0.0, 0.0, 0.346, 0.59, 0.0, 0.002], [0.084, 0.064, 0.012, 0.006, 0.678, 0.144, 0.004, 0.008], [0.024, 0.036, 0.16, 0.04, 0.004, 0.02, 0.048, 0.668], [0.002, 0.0, 0.09, 0.784, 0.0, 0.0, 0.122, 0.002], [0.122, 0.798, 0.032, 0.016, 0.008, 0.014, 0.002, 0.008], [0.08, 0.09, 0.004, 0.004, 0.13, 0.662, 0.002, 0.028], [0.892, 0.042, 0.002, 0.002, 0.006, 0.05, 0.002, 0.004], [0.026, 0.02, 0.0, 0.002, 0.302, 0.646, 0.002, 0.002], [0.11, 0.742, 0.04, 0.024, 0.03, 0.034, 0.002, 0.018], [0.9, 0.028, 0.01, 0.018, 0.01, 0.024, 0.004, 0.006], [0.004, 0.026, 0.006, 0.006, 0.006, 0.004, 0.026, 0.922], [0.052, 0.772, 0.052, 0.02, 0.012, 0.066, 0.004, 0.022], [0.0, 0.004, 0.052, 0.9, 0.0, 0.0, 0.036, 0.008], [0.016, 0.006, 0.164, 0.054, 0.002, 0.004, 0.732, 0.022], [0.07, 0.758, 0.004, 0.002, 0.07, 0.054, 0.01, 0.032], [0.552, 0.32, 0.006, 0.0, 0.058, 0.052, 0.006, 0.006], [0.082, 0.07, 0.0, 0.002, 0.738, 0.102, 0.0, 0.006], [0.024, 0.086, 0.012, 0.004, 0.754, 0.104, 0.0, 0.016], [0.074, 0.12, 0.0, 0.002, 0.124, 0.67, 0.002, 0.008], [0.014, 0.006, 0.062, 0.748, 0.004, 0.002, 0.014, 0.15], [0.014, 0.0, 0.044, 0.032, 0.0, 0.0, 0.894, 0.016], [0.004, 0.0, 0.196, 0.094, 0.0, 0.002, 0.696, 0.008], [0.004, 0.0, 0.124, 0.672, 0.0, 0.0, 0.184, 0.016], [0.03, 0.03, 0.096, 0.1, 0.022, 0.012, 0.01, 0.7], [0.032, 0.014, 0.046, 0.046, 0.01, 0.016, 0.016, 0.82], [0.002, 0.0, 0.088, 0.18, 0.0, 0.0, 0.728, 0.002], [0.002, 0.0, 0.072, 0.086, 0.0, 0.002, 0.766, 0.072], [0.002, 0.0, 0.108, 0.828, 0.0, 0.0, 0.06, 0.002], [0.168, 0.658, 0.014, 0.016, 0.054, 0.068, 0.014, 0.008], [0.006, 0.002, 0.286, 0.602, 0.002, 0.002, 0.03, 0.07], [0.018, 0.004, 0.046, 0.68, 0.002, 0.006, 0.222, 0.022], [0.1, 0.052, 0.002, 0.0, 0.074, 0.764, 0.006, 0.002], [0.652, 0.186, 0.018, 0.002, 0.04, 0.078, 0.02, 0.004], [0.006, 0.006, 0.26, 0.158, 0.0, 0.002, 0.538, 0.03], [0.604, 0.174, 0.004, 0.014, 0.056, 0.098, 0.008, 0.042], [0.006, 0.002, 0.596, 0.182, 0.0, 0.004, 0.194, 0.016], [0.058, 0.046, 0.018, 0.016, 0.68, 0.168, 0.012, 0.002], [0.006, 0.0, 0.056, 0.79, 0.0, 0.0, 0.14, 0.008], [0.102, 0.062, 0.0, 0.0, 0.728, 0.106, 0.0, 0.002], [0.006, 0.002, 0.04, 0.084, 0.0, 0.0, 0.822, 0.046], [0.244, 0.128, 0.0, 0.002, 0.524, 0.082, 0.006, 0.014], [0.818, 0.09, 0.002, 0.01, 0.012, 0.028, 0.018, 0.022], [0.006, 0.002, 0.052, 0.146, 0.0, 0.002, 0.062, 0.73], [0.002, 0.008, 0.08, 0.694, 0.0, 0.002, 0.192, 0.022], [0.084, 0.022, 0.286, 0.126, 0.01, 0.028, 0.126, 0.318], [0.0, 0.0, 0.912, 0.032, 0.0, 0.0, 0.046, 0.01], [0.064, 0.682, 0.0, 0.002, 0.12, 0.124, 0.0, 0.008], [0.006, 0.02, 0.034, 0.032, 0.004, 0.016, 0.074, 0.814], [0.068, 0.104, 0.008, 0.006, 0.076, 0.698, 0.004, 0.036], [0.002, 0.002, 0.14, 0.734, 0.0, 0.0, 0.064, 0.058], [0.006, 0.004, 0.178, 0.2, 0.0, 0.004, 0.5, 0.108], [0.012, 0.0, 0.252, 0.138, 0.0, 0.002, 0.534, 0.062], [0.792, 0.032, 0.054, 0.022, 0.002, 0.04, 0.036, 0.022], [0.014, 0.012, 0.0, 0.0, 0.91, 0.062, 0.0, 0.002], [0.1, 0.81, 0.006, 0.002, 0.042, 0.026, 0.004, 0.01], [0.004, 0.01, 0.056, 0.676, 0.002, 0.002, 0.204, 0.046], [0.118, 0.706, 0.0, 0.0, 0.098, 0.078, 0.0, 0.0], [0.006, 0.004, 0.072, 0.72, 0.0, 0.002, 0.058, 0.138], [0.054, 0.006, 0.224, 0.056, 0.0, 0.014, 0.596, 0.05], [0.006, 0.016, 0.776, 0.054, 0.0, 0.004, 0.098, 0.046], [0.04, 0.826, 0.016, 0.008, 0.032, 0.066, 0.004, 0.008], [0.004, 0.0, 0.098, 0.848, 0.002, 0.0, 0.038, 0.01], [0.808, 0.054, 0.014, 0.034, 0.004, 0.062, 0.018, 0.006], [0.036, 0.018, 0.0, 0.0, 0.586, 0.356, 0.004, 0.0], [0.002, 0.0, 0.276, 0.174, 0.0, 0.002, 0.486, 0.06], [0.056, 0.808, 0.0, 0.0, 0.106, 0.028, 0.0, 0.002], [0.176, 0.584, 0.014, 0.028, 0.038, 0.082, 0.028, 0.05], [0.004, 0.0, 0.818, 0.016, 0.0, 0.0, 0.124, 0.038], [0.04, 0.012, 0.546, 0.102, 0.004, 0.004, 0.214, 0.078], [0.03, 0.014, 0.854, 0.014, 0.002, 0.016, 0.024, 0.046], [0.14, 0.052, 0.0, 0.0, 0.696, 0.11, 0.0, 0.002], [0.0, 0.002, 0.106, 0.83, 0.0, 0.002, 0.054, 0.006]], "computation-time": 112.98380208015442, "max-memory-usage": 1139656940}