{"auroc": 0.9998278620668739, "aupr": 0.9988667523624599, "y": [0, 3, 4, 0, 1, 7, 0, 6, 1, 3, 6, 3, 6, 5, 5, 1, 2, 1, 5, 6, 7, 1, 4, 2, 7, 2, 3, 2, 4, 0, 6, 5, 0, 5, 4, 4, 0, 7, 1, 4, 4, 1, 2, 6, 5, 6, 3, 6, 1, 2, 7, 3, 3, 5, 5, 5, 5, 2, 3, 3, 1, 7, 0, 4, 7, 6, 1, 0, 2, 3, 7, 1, 3, 2, 2, 7, 4, 0, 2, 6, 4, 2, 7, 1, 4, 6, 7, 0, 4, 3, 4, 7, 5, 6, 5, 0, 0, 6, 2, 7, 6, 6, 1, 5, 2, 2, 7, 6, 3, 0, 7, 3, 5, 2, 3, 1, 6, 0, 4, 1, 6, 2, 3, 2, 6, 1, 0, 7, 0, 4, 4, 5, 4, 2, 7, 0, 4, 2, 7, 4, 0, 2, 6, 4, 3, 1, 5, 7, 3, 3, 7, 6, 4, 4, 3, 6, 7, 7, 4, 2, 0, 3, 0, 3, 1, 1, 6, 7, 3, 4, 4, 7, 7, 3, 6, 6, 0, 0, 2, 1, 7, 0, 4, 2, 0, 3, 4, 1, 2, 3, 6, 0, 2, 0, 1, 7, 3, 6, 1, 0, 3, 1, 2, 3, 1, 0, 0, 4, 0, 2, 7, 6, 1, 5, 2, 7, 4, 1, 2, 4, 2, 5, 1, 6, 5, 4, 1, 6, 0, 1, 7, 2, 4, 1, 0, 2, 7, 7, 1, 6, 5, 5, 0, 2, 3, 3, 4, 2, 5, 7, 1, 7, 2, 6, 1, 3, 2, 4, 6, 6, 1, 3, 3, 3, 4, 5, 2, 6, 3, 1, 6, 2, 0, 6, 4, 2, 7, 0, 0, 7, 4, 6, 0, 7, 0, 0, 6, 7, 5, 6, 2, 5, 0, 2, 4, 1, 7, 2, 2, 2, 6, 2, 3, 4, 6, 3, 7, 4, 5, 6, 0, 3, 4, 4, 5, 0, 2, 5, 3, 4, 4, 4, 4, 4], "y-hat": [[0.524, 0.264, 0.004, 0.006, 0.094, 0.05, 0.0, 0.058], [0.004, 0.0, 0.048, 0.89, 0.002, 0.002, 0.038, 0.016], [0.038, 0.098, 0.008, 0.022, 0.6, 0.116, 0.006, 0.112], [0.966, 0.02, 0.0, 0.006, 0.0, 0.002, 0.002, 0.004], [0.048, 0.71, 0.0, 0.0, 0.12, 0.104, 0.0, 0.018], [0.006, 0.012, 0.036, 0.036, 0.006, 0.004, 0.052, 0.848], [0.654, 0.268, 0.002, 0.004, 0.036, 0.032, 0.0, 0.004], [0.0, 0.0, 0.008, 0.01, 0.002, 0.0, 0.974, 0.006], [0.174, 0.394, 0.084, 0.058, 0.044, 0.068, 0.11, 0.068], [0.006, 0.0, 0.06, 0.874, 0.0, 0.002, 0.048, 0.01], [0.014, 0.004, 0.162, 0.04, 0.0, 0.0, 0.72, 0.06], [0.022, 0.01, 0.134, 0.674, 0.008, 0.002, 0.01, 0.14], [0.03, 0.014, 0.056, 0.056, 0.006, 0.0, 0.78, 0.058], [0.054, 0.046, 0.004, 0.008, 0.25, 0.552, 0.006, 0.08], [0.06, 0.136, 0.0, 0.004, 0.056, 0.72, 0.0, 0.024], [0.086, 0.716, 0.0, 0.0, 0.14, 0.054, 0.002, 0.002], [0.004, 0.0, 0.498, 0.022, 0.0, 0.0, 0.438, 0.038], [0.264, 0.606, 0.006, 0.02, 0.058, 0.024, 0.008, 0.014], [0.042, 0.06, 0.0, 0.0, 0.04, 0.856, 0.0, 0.002], [0.012, 0.012, 0.086, 0.078, 0.002, 0.0, 0.792, 0.018], [0.086, 0.038, 0.062, 0.052, 0.144, 0.054, 0.014, 0.55], [0.19, 0.556, 0.012, 0.026, 0.156, 0.012, 0.006, 0.042], [0.074, 0.12, 0.002, 0.014, 0.602, 0.154, 0.002, 0.032], [0.11, 0.038, 0.678, 0.028, 0.042, 0.02, 0.028, 0.056], [0.04, 0.008, 0.092, 0.08, 0.03, 0.016, 0.03, 0.704], [0.0, 0.002, 0.908, 0.058, 0.0, 0.004, 0.028, 0.0], [0.0, 0.0, 0.052, 0.826, 0.0, 0.0, 0.114, 0.008], [0.012, 0.01, 0.768, 0.074, 0.014, 0.0, 0.098, 0.024], [0.172, 0.088, 0.002, 0.002, 0.662, 0.056, 0.0, 0.018], [0.742, 0.096, 0.002, 0.002, 0.054, 0.094, 0.006, 0.004], [0.0, 0.0, 0.096, 0.054, 0.0, 0.004, 0.834, 0.012], [0.082, 0.128, 0.004, 0.006, 0.2, 0.574, 0.002, 0.004], [0.806, 0.048, 0.0, 0.004, 0.036, 0.066, 0.008, 0.032], [0.04, 0.08, 0.0, 0.0, 0.102, 0.772, 0.002, 0.004], [0.136, 0.108, 0.0, 0.002, 0.684, 0.07, 0.0, 0.0], [0.196, 0.096, 0.004, 0.0, 0.658, 0.044, 0.0, 0.002], [0.528, 0.192, 0.012, 0.008, 0.182, 0.052, 0.004, 0.022], [0.022, 0.01, 0.106, 0.086, 0.014, 0.01, 0.07, 0.682], [0.1, 0.82, 0.004, 0.006, 0.042, 0.01, 0.002, 0.016], [0.116, 0.142, 0.0, 0.008, 0.408, 0.3, 0.004, 0.022], [0.024, 0.01, 0.002, 0.004, 0.896, 0.06, 0.004, 0.0], [0.08, 0.508, 0.004, 0.0, 0.282, 0.118, 0.002, 0.006], [0.004, 0.0, 0.924, 0.042, 0.0, 0.0, 0.024, 0.006], [0.006, 0.002, 0.08, 0.04, 0.0, 0.002, 0.862, 0.008], [0.018, 0.062, 0.0, 0.0, 0.09, 0.826, 0.002, 0.002], [0.006, 0.002, 0.338, 0.06, 0.006, 0.008, 0.564, 0.016], [0.01, 0.006, 0.042, 0.816, 0.01, 0.008, 0.018, 0.09], [0.02, 0.01, 0.052, 0.384, 0.01, 0.014, 0.45, 0.06], [0.12, 0.664, 0.006, 0.012, 0.126, 0.018, 0.01, 0.044], [0.022, 0.012, 0.842, 0.03, 0.014, 0.002, 0.034, 0.044], [0.088, 0.036, 0.04, 0.028, 0.026, 0.034, 0.048, 0.7], [0.006, 0.0, 0.174, 0.486, 0.0, 0.0, 0.292, 0.042], [0.01, 0.008, 0.132, 0.752, 0.012, 0.002, 0.048, 0.036], [0.062, 0.144, 0.016, 0.014, 0.09, 0.62, 0.01, 0.044], [0.036, 0.05, 0.0, 0.0, 0.204, 0.704, 0.002, 0.004], [0.066, 0.082, 0.018, 0.026, 0.032, 0.736, 0.028, 0.012], [0.122, 0.164, 0.006, 0.002, 0.044, 0.642, 0.006, 0.014], [0.0, 0.002, 0.924, 0.02, 0.0, 0.0, 0.05, 0.004], [0.014, 0.0, 0.028, 0.876, 0.004, 0.004, 0.072, 0.002], [0.016, 0.0, 0.076, 0.828, 0.008, 0.002, 0.054, 0.016], [0.272, 0.534, 0.0, 0.004, 0.076, 0.076, 0.006, 0.032], [0.002, 0.002, 0.022, 0.048, 0.004, 0.002, 0.018, 0.902], [0.684, 0.198, 0.004, 0.016, 0.052, 0.01, 0.008, 0.028], [0.234, 0.192, 0.004, 0.008, 0.51, 0.042, 0.002, 0.008], [0.036, 0.036, 0.032, 0.018, 0.008, 0.01, 0.086, 0.774], [0.006, 0.006, 0.156, 0.146, 0.0, 0.002, 0.652, 0.032], [0.108, 0.664, 0.004, 0.008, 0.086, 0.11, 0.004, 0.016], [0.548, 0.278, 0.002, 0.006, 0.098, 0.038, 0.002, 0.028], [0.002, 0.012, 0.79, 0.066, 0.022, 0.008, 0.012, 0.088], [0.008, 0.002, 0.096, 0.84, 0.004, 0.006, 0.02, 0.024], [0.004, 0.01, 0.024, 0.042, 0.034, 0.03, 0.012, 0.844], [0.2, 0.428, 0.034, 0.066, 0.066, 0.124, 0.044, 0.038], [0.034, 0.008, 0.328, 0.286, 0.008, 0.01, 0.262, 0.064], [0.014, 0.016, 0.628, 0.212, 0.056, 0.004, 0.02, 0.05], [0.002, 0.0, 0.948, 0.014, 0.0, 0.0, 0.034, 0.002], [0.054, 0.018, 0.024, 0.016, 0.03, 0.052, 0.014, 0.792], [0.026, 0.014, 0.0, 0.0, 0.902, 0.056, 0.0, 0.002], [0.754, 0.132, 0.002, 0.016, 0.012, 0.072, 0.006, 0.006], [0.0, 0.0, 0.94, 0.018, 0.0, 0.002, 0.04, 0.0], [0.014, 0.006, 0.07, 0.088, 0.0, 0.0, 0.796, 0.026], [0.12, 0.372, 0.002, 0.004, 0.388, 0.072, 0.01, 0.032], [0.008, 0.01, 0.672, 0.036, 0.002, 0.002, 0.242, 0.028], [0.026, 0.022, 0.016, 0.016, 0.026, 0.014, 0.008, 0.872], [0.15, 0.686, 0.006, 0.006, 0.046, 0.072, 0.018, 0.016], [0.086, 0.052, 0.008, 0.006, 0.818, 0.022, 0.006, 0.002], [0.002, 0.002, 0.178, 0.036, 0.002, 0.0, 0.77, 0.01], [0.026, 0.018, 0.132, 0.09, 0.02, 0.02, 0.056, 0.638], [0.474, 0.044, 0.006, 0.008, 0.294, 0.098, 0.002, 0.074], [0.126, 0.074, 0.032, 0.03, 0.536, 0.122, 0.046, 0.034], [0.004, 0.006, 0.058, 0.85, 0.002, 0.0, 0.072, 0.008], [0.252, 0.166, 0.004, 0.008, 0.386, 0.148, 0.0, 0.036], [0.006, 0.012, 0.026, 0.026, 0.004, 0.008, 0.04, 0.878], [0.072, 0.074, 0.004, 0.01, 0.252, 0.536, 0.012, 0.04], [0.018, 0.004, 0.084, 0.172, 0.004, 0.0, 0.702, 0.016], [0.05, 0.074, 0.008, 0.006, 0.198, 0.644, 0.006, 0.014], [0.866, 0.078, 0.0, 0.004, 0.02, 0.024, 0.004, 0.004], [0.836, 0.034, 0.012, 0.01, 0.052, 0.038, 0.006, 0.012], [0.002, 0.004, 0.198, 0.054, 0.002, 0.006, 0.718, 0.016], [0.008, 0.004, 0.756, 0.08, 0.002, 0.0, 0.094, 0.056], [0.226, 0.12, 0.058, 0.062, 0.062, 0.08, 0.046, 0.346], [0.01, 0.002, 0.306, 0.044, 0.002, 0.006, 0.604, 0.026], [0.0, 0.002, 0.226, 0.024, 0.0, 0.0, 0.746, 0.002], [0.072, 0.356, 0.01, 0.008, 0.33, 0.214, 0.006, 0.004], [0.162, 0.128, 0.0, 0.002, 0.236, 0.422, 0.004, 0.046], [0.01, 0.008, 0.66, 0.056, 0.0, 0.004, 0.124, 0.138], [0.0, 0.0, 0.932, 0.012, 0.0, 0.0, 0.052, 0.004], [0.014, 0.006, 0.014, 0.016, 0.006, 0.02, 0.032, 0.892], [0.008, 0.008, 0.016, 0.026, 0.002, 0.006, 0.864, 0.07], [0.002, 0.002, 0.024, 0.7, 0.004, 0.004, 0.252, 0.012], [0.33, 0.236, 0.004, 0.002, 0.326, 0.098, 0.002, 0.002], [0.032, 0.016, 0.038, 0.05, 0.028, 0.016, 0.012, 0.808], [0.026, 0.012, 0.034, 0.67, 0.004, 0.006, 0.214, 0.034], [0.04, 0.072, 0.006, 0.006, 0.044, 0.812, 0.0, 0.02], [0.006, 0.004, 0.782, 0.048, 0.002, 0.008, 0.096, 0.054], [0.012, 0.0, 0.296, 0.52, 0.0, 0.002, 0.164, 0.006], [0.058, 0.638, 0.004, 0.012, 0.102, 0.026, 0.014, 0.146], [0.006, 0.002, 0.01, 0.022, 0.0, 0.01, 0.94, 0.01], [0.94, 0.018, 0.0, 0.01, 0.01, 0.006, 0.006, 0.01], [0.156, 0.058, 0.024, 0.042, 0.644, 0.054, 0.006, 0.016], [0.032, 0.676, 0.028, 0.022, 0.17, 0.05, 0.002, 0.02], [0.018, 0.004, 0.034, 0.068, 0.006, 0.0, 0.706, 0.164], [0.004, 0.002, 0.79, 0.058, 0.0, 0.0, 0.13, 0.016], [0.0, 0.002, 0.07, 0.898, 0.01, 0.002, 0.012, 0.006], [0.008, 0.002, 0.826, 0.06, 0.0, 0.0, 0.094, 0.01], [0.012, 0.02, 0.05, 0.084, 0.004, 0.008, 0.756, 0.066], [0.112, 0.612, 0.0, 0.0, 0.128, 0.136, 0.0, 0.012], [0.692, 0.144, 0.002, 0.01, 0.046, 0.08, 0.014, 0.012], [0.028, 0.024, 0.074, 0.058, 0.016, 0.0, 0.07, 0.73], [0.698, 0.06, 0.0, 0.002, 0.196, 0.034, 0.002, 0.008], [0.116, 0.064, 0.032, 0.032, 0.578, 0.104, 0.038, 0.036], [0.09, 0.04, 0.0, 0.0, 0.762, 0.092, 0.0, 0.016], [0.026, 0.038, 0.0, 0.0, 0.132, 0.786, 0.002, 0.016], [0.08, 0.098, 0.0, 0.004, 0.662, 0.136, 0.0, 0.02], [0.02, 0.008, 0.66, 0.092, 0.008, 0.01, 0.16, 0.042], [0.036, 0.024, 0.106, 0.044, 0.026, 0.018, 0.112, 0.634], [0.746, 0.096, 0.002, 0.006, 0.094, 0.034, 0.006, 0.016], [0.052, 0.026, 0.004, 0.016, 0.818, 0.074, 0.004, 0.006], [0.0, 0.012, 0.83, 0.074, 0.004, 0.01, 0.04, 0.03], [0.048, 0.018, 0.024, 0.04, 0.018, 0.008, 0.07, 0.774], [0.024, 0.048, 0.002, 0.006, 0.86, 0.05, 0.0, 0.01], [0.844, 0.038, 0.0, 0.012, 0.068, 0.02, 0.002, 0.016], [0.048, 0.016, 0.458, 0.318, 0.02, 0.022, 0.076, 0.042], [0.0, 0.002, 0.076, 0.024, 0.0, 0.002, 0.884, 0.012], [0.056, 0.066, 0.006, 0.01, 0.658, 0.164, 0.008, 0.032], [0.026, 0.002, 0.206, 0.422, 0.002, 0.0, 0.326, 0.016], [0.112, 0.684, 0.006, 0.022, 0.052, 0.04, 0.01, 0.074], [0.086, 0.05, 0.004, 0.002, 0.124, 0.656, 0.004, 0.074], [0.226, 0.088, 0.046, 0.058, 0.054, 0.052, 0.056, 0.42], [0.008, 0.008, 0.064, 0.776, 0.01, 0.002, 0.104, 0.028], [0.004, 0.006, 0.108, 0.78, 0.038, 0.01, 0.02, 0.034], [0.028, 0.026, 0.064, 0.058, 0.014, 0.0, 0.056, 0.754], [0.01, 0.01, 0.108, 0.064, 0.0, 0.006, 0.724, 0.078], [0.182, 0.268, 0.002, 0.002, 0.466, 0.046, 0.012, 0.022], [0.1, 0.122, 0.002, 0.0, 0.676, 0.088, 0.002, 0.01], [0.0, 0.002, 0.036, 0.944, 0.0, 0.0, 0.01, 0.008], [0.0, 0.004, 0.116, 0.128, 0.006, 0.01, 0.652, 0.084], [0.014, 0.01, 0.008, 0.02, 0.018, 0.016, 0.006, 0.908], [0.056, 0.044, 0.016, 0.026, 0.044, 0.036, 0.018, 0.76], [0.046, 0.016, 0.0, 0.002, 0.894, 0.016, 0.0, 0.026], [0.01, 0.002, 0.538, 0.054, 0.0, 0.002, 0.322, 0.072], [0.816, 0.062, 0.008, 0.006, 0.012, 0.094, 0.002, 0.0], [0.016, 0.002, 0.094, 0.804, 0.0, 0.0, 0.072, 0.012], [0.676, 0.178, 0.004, 0.012, 0.028, 0.042, 0.02, 0.04], [0.002, 0.0, 0.142, 0.7, 0.0, 0.002, 0.134, 0.02], [0.058, 0.798, 0.014, 0.01, 0.018, 0.086, 0.012, 0.004], [0.092, 0.662, 0.014, 0.016, 0.104, 0.032, 0.014, 0.066], [0.002, 0.006, 0.116, 0.144, 0.01, 0.012, 0.66, 0.05], [0.062, 0.026, 0.004, 0.002, 0.028, 0.02, 0.01, 0.848], [0.002, 0.0, 0.014, 0.972, 0.0, 0.0, 0.008, 0.004], [0.132, 0.106, 0.002, 0.002, 0.686, 0.07, 0.0, 0.002], [0.036, 0.066, 0.01, 0.012, 0.796, 0.066, 0.0, 0.014], [0.006, 0.004, 0.006, 0.01, 0.004, 0.002, 0.006, 0.962], [0.016, 0.048, 0.016, 0.02, 0.024, 0.008, 0.042, 0.826], [0.016, 0.02, 0.098, 0.71, 0.0, 0.006, 0.12, 0.03], [0.02, 0.02, 0.11, 0.076, 0.018, 0.03, 0.638, 0.088], [0.0, 0.002, 0.018, 0.004, 0.0, 0.002, 0.944, 0.03], [0.73, 0.094, 0.0, 0.004, 0.068, 0.046, 0.006, 0.052], [0.902, 0.022, 0.0, 0.014, 0.018, 0.03, 0.006, 0.008], [0.008, 0.006, 0.832, 0.06, 0.002, 0.002, 0.056, 0.034], [0.094, 0.288, 0.088, 0.044, 0.252, 0.186, 0.016, 0.032], [0.0, 0.004, 0.002, 0.006, 0.002, 0.006, 0.006, 0.974], [0.84, 0.058, 0.016, 0.016, 0.018, 0.022, 0.026, 0.004], [0.204, 0.242, 0.004, 0.016, 0.42, 0.072, 0.006, 0.036], [0.016, 0.01, 0.304, 0.052, 0.008, 0.02, 0.484, 0.106], [0.886, 0.026, 0.04, 0.014, 0.01, 0.01, 0.012, 0.002], [0.008, 0.006, 0.05, 0.874, 0.004, 0.002, 0.05, 0.006], [0.016, 0.02, 0.0, 0.006, 0.678, 0.262, 0.002, 0.016], [0.08, 0.65, 0.004, 0.0, 0.166, 0.1, 0.0, 0.0], [0.0, 0.0, 0.976, 0.01, 0.0, 0.0, 0.012, 0.002], [0.004, 0.012, 0.07, 0.66, 0.012, 0.006, 0.03, 0.206], [0.006, 0.0, 0.498, 0.052, 0.004, 0.008, 0.424, 0.008], [0.622, 0.242, 0.01, 0.008, 0.032, 0.076, 0.006, 0.004], [0.012, 0.004, 0.76, 0.076, 0.0, 0.002, 0.096, 0.05], [0.802, 0.102, 0.004, 0.01, 0.032, 0.034, 0.01, 0.006], [0.156, 0.692, 0.002, 0.002, 0.054, 0.086, 0.0, 0.008], [0.012, 0.008, 0.024, 0.02, 0.022, 0.028, 0.0, 0.886], [0.0, 0.0, 0.032, 0.922, 0.0, 0.0, 0.042, 0.004], [0.002, 0.004, 0.046, 0.036, 0.002, 0.0, 0.872, 0.038], [0.268, 0.424, 0.002, 0.002, 0.122, 0.166, 0.004, 0.012], [0.944, 0.012, 0.004, 0.01, 0.014, 0.012, 0.002, 0.002], [0.022, 0.0, 0.206, 0.516, 0.002, 0.0, 0.244, 0.01], [0.086, 0.364, 0.046, 0.042, 0.262, 0.16, 0.02, 0.02], [0.014, 0.0, 0.754, 0.106, 0.002, 0.002, 0.074, 0.048], [0.0, 0.0, 0.004, 0.992, 0.0, 0.0, 0.004, 0.0], [0.022, 0.632, 0.022, 0.024, 0.22, 0.062, 0.002, 0.016], [0.77, 0.032, 0.02, 0.022, 0.066, 0.068, 0.012, 0.01], [0.836, 0.062, 0.004, 0.0, 0.05, 0.048, 0.0, 0.0], [0.15, 0.27, 0.0, 0.0, 0.54, 0.03, 0.0, 0.01], [0.884, 0.032, 0.002, 0.004, 0.044, 0.03, 0.002, 0.002], [0.018, 0.004, 0.74, 0.06, 0.006, 0.008, 0.122, 0.042], [0.014, 0.064, 0.032, 0.024, 0.018, 0.016, 0.138, 0.694], [0.022, 0.012, 0.034, 0.108, 0.01, 0.016, 0.734, 0.064], [0.12, 0.688, 0.0, 0.0, 0.104, 0.076, 0.002, 0.01], [0.1, 0.188, 0.002, 0.01, 0.028, 0.634, 0.024, 0.014], [0.002, 0.0, 0.848, 0.04, 0.002, 0.004, 0.096, 0.008], [0.004, 0.008, 0.008, 0.028, 0.002, 0.004, 0.02, 0.926], [0.032, 0.024, 0.0, 0.002, 0.83, 0.1, 0.006, 0.006], [0.09, 0.538, 0.008, 0.036, 0.108, 0.05, 0.014, 0.156], [0.0, 0.002, 0.908, 0.04, 0.0, 0.0, 0.04, 0.01], [0.026, 0.086, 0.0, 0.0, 0.658, 0.202, 0.002, 0.026], [0.0, 0.0, 0.88, 0.1, 0.002, 0.0, 0.018, 0.0], [0.008, 0.026, 0.0, 0.0, 0.1, 0.86, 0.0, 0.006], [0.22, 0.518, 0.004, 0.002, 0.148, 0.09, 0.008, 0.01], [0.014, 0.004, 0.172, 0.04, 0.002, 0.002, 0.748, 0.018], [0.036, 0.056, 0.0, 0.002, 0.128, 0.768, 0.0, 0.01], [0.036, 0.002, 0.0, 0.002, 0.878, 0.076, 0.002, 0.004], [0.05, 0.734, 0.002, 0.022, 0.09, 0.02, 0.006, 0.076], [0.006, 0.0, 0.12, 0.15, 0.0, 0.0, 0.708, 0.016], [0.944, 0.03, 0.0, 0.002, 0.008, 0.012, 0.0, 0.004], [0.084, 0.794, 0.006, 0.002, 0.046, 0.056, 0.002, 0.01], [0.024, 0.042, 0.082, 0.042, 0.012, 0.0, 0.102, 0.696], [0.024, 0.014, 0.358, 0.074, 0.002, 0.016, 0.418, 0.094], [0.168, 0.138, 0.03, 0.024, 0.46, 0.128, 0.036, 0.016], [0.148, 0.722, 0.008, 0.006, 0.062, 0.052, 0.0, 0.002], [0.746, 0.13, 0.0, 0.01, 0.076, 0.024, 0.004, 0.01], [0.01, 0.0, 0.862, 0.046, 0.0, 0.0, 0.06, 0.022], [0.012, 0.006, 0.012, 0.016, 0.0, 0.004, 0.032, 0.918], [0.042, 0.012, 0.02, 0.01, 0.012, 0.024, 0.046, 0.834], [0.166, 0.636, 0.0, 0.012, 0.07, 0.098, 0.004, 0.014], [0.0, 0.0, 0.03, 0.014, 0.0, 0.0, 0.95, 0.006], [0.094, 0.17, 0.0, 0.0, 0.304, 0.426, 0.0, 0.006], [0.022, 0.062, 0.0, 0.004, 0.19, 0.686, 0.0, 0.036], [0.662, 0.158, 0.044, 0.006, 0.026, 0.048, 0.032, 0.024], [0.002, 0.0, 0.858, 0.096, 0.004, 0.0, 0.036, 0.004], [0.012, 0.008, 0.112, 0.736, 0.032, 0.02, 0.018, 0.062], [0.016, 0.006, 0.296, 0.444, 0.0, 0.004, 0.216, 0.018], [0.182, 0.106, 0.0, 0.004, 0.558, 0.112, 0.004, 0.034], [0.002, 0.004, 0.81, 0.112, 0.0, 0.002, 0.068, 0.002], [0.042, 0.124, 0.0, 0.0, 0.07, 0.75, 0.0, 0.014], [0.084, 0.032, 0.006, 0.02, 0.034, 0.024, 0.012, 0.788], [0.102, 0.762, 0.0, 0.0, 0.12, 0.016, 0.0, 0.0], [0.014, 0.036, 0.086, 0.058, 0.018, 0.01, 0.118, 0.66], [0.004, 0.01, 0.574, 0.122, 0.004, 0.004, 0.154, 0.128], [0.002, 0.0, 0.066, 0.05, 0.0, 0.002, 0.866, 0.014], [0.092, 0.57, 0.024, 0.054, 0.044, 0.04, 0.018, 0.158], [0.04, 0.002, 0.11, 0.578, 0.006, 0.0, 0.25, 0.014], [0.016, 0.002, 0.734, 0.07, 0.006, 0.002, 0.142, 0.028], [0.026, 0.07, 0.01, 0.004, 0.796, 0.058, 0.004, 0.032], [0.004, 0.0, 0.064, 0.03, 0.0, 0.0, 0.886, 0.016], [0.018, 0.026, 0.024, 0.064, 0.01, 0.012, 0.808, 0.038], [0.124, 0.744, 0.004, 0.006, 0.06, 0.052, 0.002, 0.008], [0.022, 0.0, 0.034, 0.676, 0.024, 0.01, 0.036, 0.198], [0.014, 0.01, 0.012, 0.918, 0.006, 0.002, 0.026, 0.012], [0.016, 0.0, 0.168, 0.672, 0.0, 0.0, 0.136, 0.008], [0.098, 0.042, 0.022, 0.04, 0.674, 0.096, 0.01, 0.018], [0.016, 0.016, 0.0, 0.002, 0.162, 0.804, 0.0, 0.0], [0.004, 0.004, 0.87, 0.044, 0.004, 0.004, 0.04, 0.03], [0.012, 0.002, 0.08, 0.11, 0.012, 0.012, 0.704, 0.068], [0.002, 0.004, 0.212, 0.508, 0.0, 0.0, 0.264, 0.01], [0.074, 0.564, 0.048, 0.038, 0.034, 0.066, 0.116, 0.06], [0.02, 0.0, 0.09, 0.114, 0.004, 0.002, 0.748, 0.022], [0.004, 0.004, 0.924, 0.038, 0.0, 0.0, 0.022, 0.008], [0.706, 0.09, 0.028, 0.026, 0.07, 0.022, 0.034, 0.024], [0.026, 0.012, 0.06, 0.112, 0.004, 0.012, 0.714, 0.06], [0.14, 0.124, 0.022, 0.066, 0.546, 0.08, 0.008, 0.014], [0.006, 0.002, 0.836, 0.06, 0.0, 0.0, 0.066, 0.03], [0.016, 0.006, 0.03, 0.05, 0.008, 0.016, 0.038, 0.836], [0.668, 0.13, 0.052, 0.014, 0.026, 0.022, 0.036, 0.052], [0.694, 0.104, 0.004, 0.012, 0.056, 0.08, 0.024, 0.026], [0.232, 0.082, 0.048, 0.062, 0.058, 0.076, 0.058, 0.384], [0.07, 0.134, 0.002, 0.01, 0.622, 0.134, 0.0, 0.028], [0.01, 0.0, 0.06, 0.048, 0.0, 0.0, 0.862, 0.02], [0.544, 0.266, 0.004, 0.008, 0.058, 0.09, 0.01, 0.02], [0.012, 0.006, 0.018, 0.018, 0.008, 0.002, 0.028, 0.908], [0.778, 0.076, 0.004, 0.002, 0.074, 0.052, 0.0, 0.014], [0.634, 0.062, 0.004, 0.004, 0.152, 0.088, 0.0, 0.056], [0.002, 0.004, 0.308, 0.06, 0.01, 0.002, 0.59, 0.024], [0.01, 0.04, 0.048, 0.014, 0.022, 0.002, 0.072, 0.792], [0.034, 0.032, 0.0, 0.0, 0.046, 0.888, 0.0, 0.0], [0.002, 0.0, 0.23, 0.108, 0.008, 0.002, 0.644, 0.006], [0.004, 0.006, 0.876, 0.032, 0.002, 0.008, 0.012, 0.06], [0.088, 0.074, 0.004, 0.01, 0.182, 0.6, 0.002, 0.04], [0.744, 0.072, 0.008, 0.002, 0.138, 0.02, 0.002, 0.014], [0.0, 0.0, 0.946, 0.016, 0.0, 0.0, 0.03, 0.008], [0.104, 0.096, 0.0, 0.004, 0.65, 0.122, 0.002, 0.022], [0.094, 0.608, 0.004, 0.012, 0.128, 0.13, 0.008, 0.016], [0.01, 0.004, 0.022, 0.018, 0.024, 0.024, 0.032, 0.866], [0.004, 0.002, 0.908, 0.032, 0.002, 0.0, 0.044, 0.008], [0.01, 0.004, 0.764, 0.082, 0.002, 0.002, 0.124, 0.012], [0.01, 0.004, 0.592, 0.078, 0.004, 0.008, 0.204, 0.1], [0.004, 0.0, 0.076, 0.012, 0.0, 0.0, 0.89, 0.018], [0.006, 0.0, 0.786, 0.066, 0.002, 0.002, 0.112, 0.026], [0.01, 0.008, 0.222, 0.6, 0.07, 0.002, 0.03, 0.058], [0.088, 0.028, 0.0, 0.004, 0.762, 0.096, 0.0, 0.022], [0.016, 0.032, 0.066, 0.024, 0.006, 0.0, 0.762, 0.094], [0.02, 0.01, 0.074, 0.618, 0.0, 0.002, 0.24, 0.036], [0.008, 0.0, 0.022, 0.022, 0.008, 0.01, 0.044, 0.886], [0.08, 0.046, 0.006, 0.002, 0.786, 0.062, 0.004, 0.014], [0.068, 0.118, 0.002, 0.0, 0.098, 0.692, 0.0, 0.022], [0.012, 0.002, 0.134, 0.05, 0.006, 0.01, 0.75, 0.036], [0.584, 0.19, 0.002, 0.01, 0.14, 0.044, 0.004, 0.026], [0.016, 0.0, 0.016, 0.912, 0.002, 0.002, 0.046, 0.006], [0.114, 0.152, 0.0, 0.0, 0.646, 0.086, 0.0, 0.002], [0.002, 0.006, 0.0, 0.0, 0.96, 0.032, 0.0, 0.0], [0.036, 0.066, 0.0, 0.002, 0.124, 0.77, 0.0, 0.002], [0.606, 0.33, 0.002, 0.01, 0.012, 0.016, 0.012, 0.012], [0.0, 0.004, 0.76, 0.176, 0.0, 0.0, 0.056, 0.004], [0.034, 0.056, 0.0, 0.0, 0.242, 0.642, 0.006, 0.02], [0.0, 0.004, 0.032, 0.944, 0.0, 0.0, 0.02, 0.0], [0.112, 0.08, 0.052, 0.018, 0.578, 0.092, 0.046, 0.022], [0.028, 0.03, 0.0, 0.006, 0.662, 0.268, 0.0, 0.006], [0.058, 0.022, 0.006, 0.024, 0.774, 0.1, 0.008, 0.008], [0.01, 0.042, 0.006, 0.008, 0.868, 0.056, 0.0, 0.01], [0.118, 0.196, 0.0, 0.0, 0.614, 0.064, 0.002, 0.006]], "computation-time": 0.06699991226196289, "max-memory-usage": 88897149}