{"auroc": 0.9989890474792611, "aupr": 0.9939440144953857, "y": [5, 4, 4, 2, 6, 1, 0, 3, 1, 1, 4, 5, 2, 1, 0, 3, 4, 4, 2, 2, 5, 1, 4, 5, 5, 7, 5, 1, 1, 1, 1, 1, 2, 0, 5, 3, 1, 0, 3, 2, 2, 0, 3, 3, 6, 0, 5, 5, 7, 3, 6, 7, 0, 2, 6, 0, 7, 7, 5, 2, 4, 6, 1, 6, 6, 4, 7, 5, 3, 4, 5, 7, 3, 7, 1, 0, 5, 3, 2, 7, 4, 4, 3, 2, 7, 5, 2, 6, 7, 6, 7, 2, 1, 6, 2, 6, 7, 7, 3, 2, 1, 6, 6, 4, 4, 2, 1, 2, 2, 6, 4, 4, 5, 6, 2, 2, 5, 1, 0, 3, 3, 0, 3, 1, 3, 7, 7, 0, 5, 3, 1, 2, 0, 3, 1, 6, 7, 1, 2, 1, 3, 4, 2, 1, 1, 6, 4, 2, 0, 6, 0, 7, 7, 2, 0, 3, 7, 7, 4, 7, 4, 4, 7, 3, 2, 2, 1, 5, 3, 0, 0, 0, 7, 6, 5, 5, 6, 1, 4, 6, 7, 1, 3, 1, 4, 6, 4, 5, 5, 3, 1, 5, 3, 0, 4, 4, 2, 4, 1, 5, 0, 1, 7, 0, 2, 4, 0, 4, 5, 1, 6, 7, 2, 3, 7, 2, 7, 7, 2, 7, 6, 0, 1, 0, 6, 7, 1, 6, 1, 1, 3, 0, 2, 1, 5, 1, 7, 2, 5, 5, 4, 4, 2, 3, 0, 3, 0, 2, 2, 1, 4, 6, 0, 3, 6, 6, 7, 4, 3, 4, 4, 1, 2, 1, 2, 2, 0, 5, 0, 3, 6, 2, 2, 0, 7, 7, 1, 3, 7, 0, 0, 1, 7, 7, 3, 6, 1, 2, 7, 6, 3, 0, 7, 2, 7, 4, 7, 7, 0, 0, 3, 1, 1, 6, 3, 7, 6, 3, 1, 3, 4, 5, 0, 3, 3, 5, 2, 2, 6, 2, 0, 0, 2, 0], "y-hat": [[0.114, 0.152, 0.0, 0.0, 0.152, 0.566, 0.0, 0.016], [0.006, 0.014, 0.0, 0.004, 0.932, 0.042, 0.0, 0.002], [0.172, 0.142, 0.0, 0.0, 0.622, 0.044, 0.002, 0.018], [0.01, 0.012, 0.788, 0.168, 0.006, 0.0, 0.004, 0.012], [0.018, 0.01, 0.288, 0.154, 0.006, 0.01, 0.476, 0.038], [0.048, 0.746, 0.0, 0.0, 0.146, 0.054, 0.002, 0.004], [0.444, 0.26, 0.008, 0.02, 0.066, 0.08, 0.018, 0.104], [0.034, 0.008, 0.044, 0.648, 0.016, 0.01, 0.22, 0.02], [0.092, 0.702, 0.082, 0.022, 0.01, 0.014, 0.022, 0.056], [0.046, 0.51, 0.008, 0.006, 0.252, 0.174, 0.0, 0.004], [0.174, 0.078, 0.0, 0.002, 0.678, 0.066, 0.0, 0.002], [0.046, 0.158, 0.014, 0.012, 0.05, 0.668, 0.014, 0.038], [0.0, 0.0, 0.946, 0.024, 0.0, 0.002, 0.024, 0.004], [0.204, 0.428, 0.02, 0.01, 0.122, 0.198, 0.012, 0.006], [0.592, 0.206, 0.006, 0.006, 0.048, 0.1, 0.032, 0.01], [0.008, 0.006, 0.148, 0.758, 0.01, 0.002, 0.01, 0.058], [0.036, 0.014, 0.002, 0.0, 0.692, 0.25, 0.006, 0.0], [0.196, 0.094, 0.0, 0.0, 0.576, 0.114, 0.002, 0.018], [0.0, 0.01, 0.772, 0.164, 0.002, 0.002, 0.044, 0.006], [0.032, 0.008, 0.7, 0.086, 0.002, 0.006, 0.154, 0.012], [0.056, 0.044, 0.0, 0.006, 0.118, 0.746, 0.008, 0.022], [0.048, 0.302, 0.022, 0.03, 0.042, 0.022, 0.064, 0.47], [0.106, 0.152, 0.008, 0.004, 0.656, 0.066, 0.006, 0.002], [0.046, 0.068, 0.0, 0.002, 0.11, 0.748, 0.006, 0.02], [0.042, 0.108, 0.002, 0.0, 0.054, 0.766, 0.006, 0.022], [0.086, 0.138, 0.016, 0.014, 0.118, 0.04, 0.068, 0.52], [0.018, 0.016, 0.0, 0.0, 0.214, 0.75, 0.0, 0.002], [0.134, 0.306, 0.004, 0.01, 0.142, 0.394, 0.004, 0.006], [0.094, 0.812, 0.002, 0.002, 0.02, 0.068, 0.0, 0.002], [0.17, 0.6, 0.06, 0.022, 0.018, 0.034, 0.014, 0.082], [0.016, 0.872, 0.05, 0.016, 0.006, 0.006, 0.01, 0.024], [0.038, 0.852, 0.032, 0.016, 0.01, 0.034, 0.006, 0.012], [0.022, 0.014, 0.836, 0.024, 0.006, 0.012, 0.074, 0.012], [0.726, 0.062, 0.002, 0.002, 0.184, 0.018, 0.002, 0.004], [0.114, 0.158, 0.0, 0.0, 0.038, 0.674, 0.008, 0.008], [0.01, 0.018, 0.06, 0.42, 0.0, 0.004, 0.434, 0.054], [0.152, 0.574, 0.006, 0.0, 0.086, 0.156, 0.014, 0.012], [0.692, 0.164, 0.0, 0.0, 0.092, 0.05, 0.002, 0.0], [0.01, 0.004, 0.148, 0.728, 0.006, 0.004, 0.048, 0.052], [0.022, 0.014, 0.828, 0.044, 0.0, 0.006, 0.058, 0.028], [0.014, 0.06, 0.368, 0.288, 0.008, 0.008, 0.096, 0.158], [0.484, 0.224, 0.0, 0.006, 0.202, 0.062, 0.008, 0.014], [0.006, 0.012, 0.044, 0.576, 0.0, 0.008, 0.316, 0.038], [0.006, 0.024, 0.072, 0.772, 0.02, 0.002, 0.018, 0.086], [0.004, 0.002, 0.028, 0.102, 0.0, 0.0, 0.856, 0.008], [0.51, 0.364, 0.002, 0.006, 0.016, 0.058, 0.002, 0.042], [0.022, 0.062, 0.002, 0.002, 0.032, 0.842, 0.002, 0.036], [0.002, 0.0, 0.0, 0.002, 0.33, 0.664, 0.002, 0.0], [0.084, 0.012, 0.07, 0.108, 0.002, 0.014, 0.024, 0.686], [0.004, 0.0, 0.094, 0.618, 0.0, 0.0, 0.266, 0.018], [0.014, 0.022, 0.264, 0.078, 0.006, 0.006, 0.566, 0.044], [0.042, 0.082, 0.058, 0.054, 0.022, 0.022, 0.058, 0.662], [0.468, 0.104, 0.168, 0.106, 0.08, 0.038, 0.012, 0.024], [0.024, 0.018, 0.772, 0.104, 0.01, 0.012, 0.032, 0.028], [0.0, 0.0, 0.034, 0.09, 0.0, 0.0, 0.86, 0.016], [0.712, 0.036, 0.042, 0.028, 0.004, 0.01, 0.006, 0.162], [0.06, 0.03, 0.066, 0.074, 0.002, 0.002, 0.134, 0.632], [0.014, 0.07, 0.002, 0.002, 0.012, 0.002, 0.032, 0.866], [0.014, 0.02, 0.0, 0.0, 0.116, 0.848, 0.002, 0.0], [0.016, 0.028, 0.852, 0.03, 0.002, 0.002, 0.054, 0.016], [0.134, 0.054, 0.0, 0.006, 0.62, 0.132, 0.008, 0.046], [0.004, 0.002, 0.014, 0.098, 0.0, 0.002, 0.87, 0.01], [0.11, 0.64, 0.0, 0.004, 0.058, 0.182, 0.004, 0.002], [0.004, 0.002, 0.05, 0.034, 0.002, 0.004, 0.878, 0.026], [0.008, 0.004, 0.26, 0.232, 0.002, 0.002, 0.476, 0.016], [0.01, 0.0, 0.0, 0.0, 0.92, 0.068, 0.002, 0.0], [0.026, 0.006, 0.068, 0.152, 0.002, 0.004, 0.016, 0.726], [0.038, 0.046, 0.006, 0.004, 0.092, 0.792, 0.006, 0.016], [0.002, 0.016, 0.056, 0.526, 0.0, 0.0, 0.37, 0.03], [0.172, 0.064, 0.0, 0.0, 0.57, 0.19, 0.0, 0.004], [0.096, 0.068, 0.0, 0.002, 0.186, 0.506, 0.006, 0.136], [0.026, 0.04, 0.022, 0.052, 0.012, 0.02, 0.052, 0.776], [0.004, 0.02, 0.032, 0.792, 0.002, 0.0, 0.124, 0.026], [0.086, 0.042, 0.05, 0.062, 0.008, 0.018, 0.02, 0.714], [0.03, 0.664, 0.05, 0.026, 0.092, 0.076, 0.016, 0.046], [0.362, 0.21, 0.074, 0.03, 0.006, 0.014, 0.02, 0.284], [0.028, 0.022, 0.0, 0.0, 0.048, 0.896, 0.002, 0.004], [0.004, 0.006, 0.06, 0.826, 0.0, 0.0, 0.094, 0.01], [0.004, 0.006, 0.868, 0.076, 0.0, 0.0, 0.044, 0.002], [0.082, 0.034, 0.038, 0.038, 0.01, 0.034, 0.024, 0.74], [0.122, 0.048, 0.0, 0.0, 0.56, 0.262, 0.004, 0.004], [0.128, 0.014, 0.022, 0.002, 0.732, 0.09, 0.012, 0.0], [0.002, 0.0, 0.104, 0.564, 0.0, 0.0, 0.306, 0.024], [0.016, 0.01, 0.748, 0.07, 0.002, 0.004, 0.106, 0.044], [0.086, 0.066, 0.194, 0.122, 0.01, 0.008, 0.046, 0.468], [0.14, 0.094, 0.0, 0.0, 0.106, 0.65, 0.004, 0.006], [0.002, 0.004, 0.896, 0.024, 0.0, 0.0, 0.052, 0.022], [0.022, 0.038, 0.18, 0.096, 0.006, 0.016, 0.574, 0.068], [0.056, 0.116, 0.002, 0.01, 0.052, 0.048, 0.04, 0.676], [0.016, 0.012, 0.09, 0.086, 0.004, 0.0, 0.752, 0.04], [0.066, 0.068, 0.08, 0.024, 0.02, 0.046, 0.022, 0.674], [0.0, 0.022, 0.826, 0.118, 0.002, 0.002, 0.02, 0.01], [0.162, 0.528, 0.01, 0.008, 0.116, 0.062, 0.03, 0.084], [0.014, 0.004, 0.25, 0.174, 0.0, 0.0, 0.546, 0.012], [0.026, 0.016, 0.744, 0.042, 0.008, 0.02, 0.106, 0.038], [0.01, 0.008, 0.06, 0.15, 0.0, 0.0, 0.694, 0.078], [0.074, 0.04, 0.082, 0.104, 0.006, 0.008, 0.036, 0.65], [0.092, 0.098, 0.044, 0.014, 0.034, 0.09, 0.062, 0.566], [0.024, 0.028, 0.096, 0.786, 0.01, 0.004, 0.038, 0.014], [0.006, 0.014, 0.386, 0.172, 0.0, 0.002, 0.398, 0.022], [0.142, 0.672, 0.004, 0.002, 0.07, 0.05, 0.008, 0.052], [0.0, 0.0, 0.016, 0.03, 0.0, 0.004, 0.934, 0.016], [0.012, 0.01, 0.256, 0.132, 0.002, 0.0, 0.564, 0.024], [0.038, 0.072, 0.02, 0.014, 0.64, 0.158, 0.014, 0.044], [0.072, 0.018, 0.002, 0.002, 0.83, 0.062, 0.01, 0.004], [0.024, 0.008, 0.618, 0.148, 0.0, 0.004, 0.17, 0.028], [0.112, 0.684, 0.0, 0.002, 0.072, 0.12, 0.006, 0.004], [0.028, 0.01, 0.85, 0.032, 0.01, 0.0, 0.038, 0.032], [0.018, 0.012, 0.836, 0.04, 0.002, 0.006, 0.068, 0.018], [0.008, 0.008, 0.216, 0.218, 0.0, 0.0, 0.54, 0.01], [0.056, 0.028, 0.0, 0.002, 0.86, 0.05, 0.0, 0.004], [0.062, 0.092, 0.0, 0.008, 0.644, 0.19, 0.004, 0.0], [0.096, 0.058, 0.002, 0.004, 0.152, 0.628, 0.008, 0.052], [0.036, 0.018, 0.204, 0.074, 0.008, 0.04, 0.584, 0.036], [0.01, 0.008, 0.828, 0.04, 0.002, 0.0, 0.102, 0.01], [0.01, 0.002, 0.814, 0.064, 0.0, 0.0, 0.094, 0.016], [0.1, 0.098, 0.01, 0.004, 0.21, 0.57, 0.004, 0.004], [0.18, 0.504, 0.024, 0.02, 0.094, 0.164, 0.008, 0.006], [0.638, 0.15, 0.022, 0.008, 0.054, 0.046, 0.05, 0.032], [0.024, 0.01, 0.058, 0.768, 0.008, 0.018, 0.096, 0.018], [0.002, 0.016, 0.052, 0.812, 0.002, 0.002, 0.03, 0.084], [0.282, 0.048, 0.09, 0.086, 0.024, 0.042, 0.01, 0.418], [0.012, 0.01, 0.068, 0.828, 0.002, 0.012, 0.052, 0.016], [0.046, 0.252, 0.048, 0.05, 0.024, 0.02, 0.092, 0.468], [0.01, 0.024, 0.124, 0.75, 0.012, 0.006, 0.022, 0.052], [0.048, 0.042, 0.11, 0.066, 0.014, 0.01, 0.244, 0.466], [0.034, 0.054, 0.054, 0.046, 0.002, 0.02, 0.04, 0.75], [0.498, 0.04, 0.0, 0.002, 0.334, 0.114, 0.006, 0.006], [0.004, 0.01, 0.0, 0.004, 0.424, 0.554, 0.004, 0.0], [0.004, 0.02, 0.05, 0.828, 0.02, 0.0, 0.012, 0.066], [0.15, 0.596, 0.026, 0.02, 0.058, 0.036, 0.012, 0.102], [0.01, 0.008, 0.782, 0.086, 0.0, 0.0, 0.058, 0.056], [0.792, 0.114, 0.0, 0.0, 0.01, 0.074, 0.008, 0.002], [0.008, 0.002, 0.142, 0.766, 0.002, 0.002, 0.024, 0.054], [0.052, 0.726, 0.0, 0.0, 0.146, 0.072, 0.002, 0.002], [0.006, 0.002, 0.06, 0.038, 0.0, 0.002, 0.884, 0.008], [0.046, 0.04, 0.12, 0.13, 0.0, 0.0, 0.122, 0.542], [0.39, 0.256, 0.06, 0.044, 0.084, 0.11, 0.04, 0.016], [0.0, 0.0, 0.898, 0.052, 0.0, 0.0, 0.042, 0.008], [0.068, 0.76, 0.006, 0.002, 0.082, 0.076, 0.004, 0.002], [0.004, 0.0, 0.16, 0.514, 0.002, 0.0, 0.288, 0.032], [0.15, 0.032, 0.022, 0.01, 0.728, 0.052, 0.006, 0.0], [0.016, 0.01, 0.554, 0.228, 0.006, 0.01, 0.14, 0.036], [0.35, 0.294, 0.072, 0.042, 0.088, 0.1, 0.028, 0.026], [0.042, 0.274, 0.058, 0.062, 0.01, 0.008, 0.096, 0.45], [0.024, 0.014, 0.038, 0.04, 0.008, 0.026, 0.816, 0.034], [0.01, 0.01, 0.0, 0.002, 0.922, 0.056, 0.0, 0.0], [0.006, 0.004, 0.722, 0.078, 0.0, 0.002, 0.154, 0.034], [0.848, 0.05, 0.0, 0.024, 0.018, 0.038, 0.01, 0.012], [0.02, 0.02, 0.15, 0.044, 0.01, 0.006, 0.72, 0.03], [0.712, 0.022, 0.0, 0.0, 0.196, 0.06, 0.0, 0.01], [0.15, 0.166, 0.142, 0.05, 0.034, 0.056, 0.09, 0.312], [0.116, 0.122, 0.018, 0.018, 0.054, 0.042, 0.056, 0.574], [0.03, 0.008, 0.468, 0.064, 0.0, 0.008, 0.348, 0.074], [0.724, 0.128, 0.006, 0.002, 0.028, 0.06, 0.024, 0.028], [0.016, 0.012, 0.02, 0.866, 0.006, 0.02, 0.04, 0.02], [0.098, 0.032, 0.06, 0.108, 0.024, 0.022, 0.01, 0.646], [0.064, 0.05, 0.038, 0.02, 0.008, 0.018, 0.096, 0.706], [0.13, 0.072, 0.0, 0.0, 0.684, 0.1, 0.002, 0.012], [0.002, 0.014, 0.006, 0.006, 0.002, 0.002, 0.016, 0.952], [0.062, 0.044, 0.0, 0.0, 0.766, 0.112, 0.0, 0.016], [0.28, 0.116, 0.0, 0.006, 0.522, 0.06, 0.004, 0.012], [0.022, 0.026, 0.014, 0.04, 0.008, 0.012, 0.032, 0.846], [0.016, 0.006, 0.178, 0.68, 0.004, 0.004, 0.008, 0.104], [0.01, 0.014, 0.798, 0.046, 0.0, 0.002, 0.058, 0.072], [0.016, 0.01, 0.616, 0.046, 0.002, 0.004, 0.278, 0.028], [0.272, 0.594, 0.008, 0.002, 0.024, 0.044, 0.042, 0.014], [0.082, 0.074, 0.004, 0.002, 0.088, 0.732, 0.002, 0.016], [0.012, 0.008, 0.146, 0.668, 0.004, 0.0, 0.146, 0.016], [0.636, 0.132, 0.002, 0.004, 0.116, 0.088, 0.01, 0.012], [0.828, 0.086, 0.006, 0.008, 0.012, 0.032, 0.022, 0.006], [0.702, 0.076, 0.002, 0.0, 0.18, 0.034, 0.002, 0.004], [0.062, 0.082, 0.056, 0.076, 0.01, 0.044, 0.14, 0.53], [0.048, 0.03, 0.154, 0.06, 0.014, 0.032, 0.596, 0.066], [0.114, 0.09, 0.02, 0.014, 0.098, 0.632, 0.018, 0.014], [0.046, 0.096, 0.014, 0.002, 0.068, 0.664, 0.004, 0.106], [0.018, 0.038, 0.202, 0.098, 0.004, 0.01, 0.594, 0.036], [0.138, 0.464, 0.012, 0.024, 0.132, 0.118, 0.012, 0.1], [0.036, 0.014, 0.018, 0.01, 0.896, 0.02, 0.004, 0.002], [0.03, 0.02, 0.15, 0.068, 0.014, 0.01, 0.702, 0.006], [0.02, 0.038, 0.028, 0.082, 0.024, 0.016, 0.018, 0.774], [0.116, 0.728, 0.008, 0.01, 0.056, 0.052, 0.01, 0.02], [0.008, 0.016, 0.046, 0.818, 0.002, 0.0, 0.02, 0.09], [0.08, 0.744, 0.006, 0.002, 0.052, 0.008, 0.024, 0.084], [0.012, 0.016, 0.002, 0.006, 0.912, 0.05, 0.0, 0.002], [0.002, 0.0, 0.112, 0.118, 0.0, 0.0, 0.756, 0.012], [0.202, 0.172, 0.002, 0.008, 0.484, 0.078, 0.014, 0.04], [0.044, 0.052, 0.0, 0.0, 0.196, 0.708, 0.0, 0.0], [0.116, 0.082, 0.0, 0.0, 0.118, 0.676, 0.0, 0.008], [0.004, 0.008, 0.082, 0.67, 0.0, 0.0, 0.212, 0.024], [0.306, 0.232, 0.0, 0.002, 0.078, 0.37, 0.004, 0.008], [0.114, 0.146, 0.022, 0.004, 0.208, 0.478, 0.016, 0.012], [0.002, 0.0, 0.066, 0.846, 0.0, 0.0, 0.078, 0.008], [0.546, 0.218, 0.006, 0.022, 0.038, 0.074, 0.016, 0.08], [0.074, 0.026, 0.014, 0.002, 0.82, 0.042, 0.012, 0.01], [0.102, 0.052, 0.0, 0.002, 0.788, 0.05, 0.002, 0.004], [0.018, 0.032, 0.182, 0.076, 0.004, 0.004, 0.37, 0.314], [0.134, 0.152, 0.004, 0.0, 0.606, 0.052, 0.008, 0.044], [0.038, 0.746, 0.0, 0.002, 0.186, 0.018, 0.0, 0.01], [0.108, 0.062, 0.0, 0.0, 0.14, 0.67, 0.004, 0.016], [0.71, 0.112, 0.004, 0.006, 0.022, 0.072, 0.048, 0.026], [0.128, 0.658, 0.002, 0.0, 0.11, 0.09, 0.006, 0.006], [0.022, 0.0, 0.048, 0.102, 0.004, 0.004, 0.008, 0.812], [0.568, 0.158, 0.0, 0.002, 0.122, 0.072, 0.008, 0.07], [0.02, 0.014, 0.614, 0.072, 0.002, 0.006, 0.182, 0.09], [0.024, 0.014, 0.004, 0.0, 0.772, 0.186, 0.0, 0.0], [0.358, 0.098, 0.022, 0.006, 0.226, 0.222, 0.038, 0.03], [0.148, 0.14, 0.0, 0.002, 0.618, 0.086, 0.004, 0.002], [0.012, 0.032, 0.004, 0.002, 0.126, 0.8, 0.004, 0.02], [0.292, 0.244, 0.004, 0.0, 0.082, 0.37, 0.002, 0.006], [0.07, 0.038, 0.084, 0.048, 0.016, 0.012, 0.71, 0.022], [0.032, 0.02, 0.128, 0.114, 0.002, 0.0, 0.298, 0.406], [0.006, 0.012, 0.794, 0.034, 0.0, 0.01, 0.076, 0.068], [0.022, 0.008, 0.028, 0.81, 0.002, 0.0, 0.116, 0.014], [0.022, 0.03, 0.034, 0.036, 0.012, 0.034, 0.014, 0.818], [0.03, 0.016, 0.656, 0.068, 0.0, 0.01, 0.188, 0.032], [0.024, 0.04, 0.046, 0.114, 0.004, 0.01, 0.044, 0.718], [0.018, 0.012, 0.028, 0.042, 0.008, 0.02, 0.032, 0.84], [0.044, 0.044, 0.75, 0.104, 0.012, 0.002, 0.032, 0.012], [0.026, 0.014, 0.022, 0.03, 0.004, 0.008, 0.124, 0.772], [0.008, 0.008, 0.024, 0.044, 0.0, 0.0, 0.88, 0.036], [0.622, 0.174, 0.012, 0.012, 0.066, 0.056, 0.048, 0.01], [0.186, 0.57, 0.016, 0.044, 0.034, 0.058, 0.038, 0.054], [0.89, 0.04, 0.0, 0.002, 0.02, 0.038, 0.002, 0.008], [0.012, 0.03, 0.134, 0.066, 0.004, 0.006, 0.708, 0.04], [0.008, 0.014, 0.032, 0.08, 0.032, 0.01, 0.0, 0.824], [0.096, 0.594, 0.036, 0.032, 0.046, 0.052, 0.024, 0.12], [0.21, 0.038, 0.016, 0.05, 0.022, 0.026, 0.62, 0.018], [0.036, 0.204, 0.006, 0.002, 0.364, 0.38, 0.004, 0.004], [0.106, 0.55, 0.024, 0.03, 0.102, 0.152, 0.022, 0.014], [0.022, 0.006, 0.064, 0.884, 0.0, 0.002, 0.012, 0.01], [0.846, 0.09, 0.0, 0.002, 0.01, 0.032, 0.014, 0.006], [0.032, 0.02, 0.684, 0.072, 0.03, 0.024, 0.108, 0.03], [0.03, 0.66, 0.042, 0.034, 0.062, 0.096, 0.016, 0.06], [0.1, 0.084, 0.004, 0.008, 0.132, 0.558, 0.012, 0.102], [0.106, 0.718, 0.01, 0.004, 0.064, 0.034, 0.024, 0.04], [0.028, 0.044, 0.028, 0.016, 0.008, 0.008, 0.086, 0.782], [0.006, 0.01, 0.738, 0.064, 0.006, 0.002, 0.098, 0.076], [0.2, 0.088, 0.004, 0.004, 0.146, 0.546, 0.004, 0.008], [0.09, 0.056, 0.006, 0.004, 0.122, 0.714, 0.006, 0.002], [0.044, 0.022, 0.004, 0.004, 0.61, 0.31, 0.002, 0.004], [0.12, 0.08, 0.0, 0.0, 0.744, 0.044, 0.004, 0.008], [0.01, 0.004, 0.888, 0.03, 0.0, 0.0, 0.066, 0.002], [0.002, 0.004, 0.094, 0.816, 0.0, 0.0, 0.078, 0.006], [0.67, 0.022, 0.0, 0.0, 0.278, 0.018, 0.002, 0.01], [0.0, 0.004, 0.076, 0.882, 0.002, 0.0, 0.036, 0.0], [0.818, 0.016, 0.048, 0.044, 0.014, 0.022, 0.032, 0.006], [0.004, 0.004, 0.774, 0.03, 0.0, 0.0, 0.17, 0.018], [0.012, 0.01, 0.834, 0.036, 0.0, 0.006, 0.066, 0.036], [0.136, 0.696, 0.002, 0.002, 0.082, 0.078, 0.0, 0.004], [0.036, 0.032, 0.002, 0.006, 0.632, 0.282, 0.004, 0.006], [0.022, 0.036, 0.26, 0.134, 0.0, 0.004, 0.5, 0.044], [0.634, 0.058, 0.0, 0.002, 0.23, 0.066, 0.004, 0.006], [0.006, 0.004, 0.152, 0.742, 0.008, 0.006, 0.006, 0.076], [0.008, 0.024, 0.036, 0.04, 0.002, 0.0, 0.692, 0.198], [0.014, 0.028, 0.274, 0.142, 0.004, 0.004, 0.506, 0.028], [0.01, 0.006, 0.014, 0.03, 0.026, 0.022, 0.004, 0.888], [0.226, 0.318, 0.0, 0.0, 0.374, 0.064, 0.006, 0.012], [0.01, 0.0, 0.144, 0.514, 0.002, 0.0, 0.284, 0.046], [0.214, 0.034, 0.0, 0.002, 0.704, 0.032, 0.0, 0.014], [0.126, 0.1, 0.006, 0.004, 0.648, 0.076, 0.006, 0.034], [0.108, 0.632, 0.008, 0.008, 0.092, 0.048, 0.022, 0.082], [0.024, 0.082, 0.726, 0.05, 0.008, 0.008, 0.052, 0.05], [0.206, 0.548, 0.0, 0.002, 0.176, 0.042, 0.008, 0.018], [0.008, 0.054, 0.546, 0.308, 0.02, 0.002, 0.012, 0.05], [0.01, 0.016, 0.844, 0.044, 0.002, 0.002, 0.062, 0.02], [0.326, 0.096, 0.022, 0.006, 0.342, 0.158, 0.03, 0.02], [0.184, 0.126, 0.0, 0.002, 0.054, 0.61, 0.006, 0.018], [0.782, 0.054, 0.002, 0.012, 0.05, 0.074, 0.014, 0.012], [0.036, 0.006, 0.052, 0.862, 0.002, 0.008, 0.024, 0.01], [0.008, 0.0, 0.154, 0.112, 0.0, 0.0, 0.718, 0.008], [0.012, 0.004, 0.746, 0.082, 0.0, 0.0, 0.146, 0.01], [0.004, 0.002, 0.906, 0.03, 0.0, 0.0, 0.054, 0.004], [0.324, 0.066, 0.08, 0.066, 0.018, 0.046, 0.008, 0.392], [0.068, 0.106, 0.018, 0.008, 0.048, 0.07, 0.026, 0.656], [0.024, 0.018, 0.074, 0.208, 0.002, 0.002, 0.018, 0.654], [0.072, 0.638, 0.122, 0.044, 0.01, 0.016, 0.024, 0.074], [0.006, 0.014, 0.296, 0.598, 0.002, 0.006, 0.04, 0.038], [0.016, 0.026, 0.064, 0.112, 0.004, 0.01, 0.042, 0.726], [0.676, 0.102, 0.002, 0.006, 0.094, 0.066, 0.01, 0.044], [0.468, 0.152, 0.038, 0.014, 0.144, 0.088, 0.022, 0.074], [0.382, 0.394, 0.018, 0.008, 0.028, 0.086, 0.06, 0.024], [0.128, 0.146, 0.002, 0.002, 0.076, 0.028, 0.028, 0.59], [0.088, 0.06, 0.008, 0.028, 0.008, 0.02, 0.05, 0.738], [0.006, 0.014, 0.214, 0.7, 0.002, 0.002, 0.038, 0.024], [0.002, 0.006, 0.214, 0.144, 0.0, 0.002, 0.556, 0.076], [0.078, 0.424, 0.028, 0.074, 0.02, 0.024, 0.046, 0.306], [0.002, 0.01, 0.728, 0.078, 0.004, 0.0, 0.16, 0.018], [0.006, 0.014, 0.022, 0.046, 0.016, 0.004, 0.002, 0.89], [0.016, 0.016, 0.208, 0.052, 0.01, 0.004, 0.662, 0.032], [0.008, 0.014, 0.082, 0.848, 0.008, 0.0, 0.018, 0.022], [0.3, 0.048, 0.09, 0.082, 0.028, 0.03, 0.02, 0.402], [0.058, 0.084, 0.032, 0.018, 0.008, 0.042, 0.104, 0.654], [0.002, 0.0, 0.924, 0.036, 0.0, 0.0, 0.02, 0.018], [0.016, 0.052, 0.046, 0.02, 0.006, 0.002, 0.174, 0.684], [0.052, 0.048, 0.014, 0.008, 0.658, 0.168, 0.006, 0.046], [0.014, 0.06, 0.028, 0.004, 0.004, 0.006, 0.136, 0.748], [0.03, 0.064, 0.098, 0.038, 0.008, 0.006, 0.094, 0.662], [0.324, 0.428, 0.032, 0.012, 0.044, 0.04, 0.062, 0.058], [0.564, 0.182, 0.01, 0.004, 0.028, 0.102, 0.052, 0.058], [0.006, 0.002, 0.102, 0.712, 0.0, 0.0, 0.172, 0.006], [0.122, 0.676, 0.0, 0.002, 0.092, 0.028, 0.026, 0.054], [0.204, 0.41, 0.014, 0.078, 0.046, 0.05, 0.092, 0.106], [0.01, 0.004, 0.2, 0.07, 0.0, 0.0, 0.68, 0.036], [0.0, 0.0, 0.062, 0.9, 0.002, 0.0, 0.034, 0.002], [0.076, 0.102, 0.108, 0.026, 0.006, 0.04, 0.044, 0.598], [0.018, 0.012, 0.014, 0.052, 0.004, 0.01, 0.862, 0.028], [0.004, 0.0, 0.074, 0.854, 0.0, 0.0, 0.064, 0.004], [0.05, 0.874, 0.018, 0.014, 0.018, 0.012, 0.01, 0.004], [0.0, 0.0, 0.098, 0.804, 0.0, 0.0, 0.096, 0.002], [0.058, 0.03, 0.002, 0.002, 0.744, 0.16, 0.004, 0.0], [0.006, 0.02, 0.0, 0.0, 0.11, 0.864, 0.0, 0.0], [0.356, 0.232, 0.016, 0.01, 0.192, 0.168, 0.01, 0.016], [0.002, 0.012, 0.068, 0.64, 0.002, 0.002, 0.114, 0.16], [0.01, 0.004, 0.18, 0.706, 0.004, 0.004, 0.056, 0.036], [0.068, 0.078, 0.01, 0.002, 0.17, 0.618, 0.006, 0.048], [0.024, 0.026, 0.748, 0.042, 0.004, 0.008, 0.09, 0.058], [0.014, 0.004, 0.858, 0.03, 0.0, 0.002, 0.064, 0.028], [0.024, 0.01, 0.202, 0.074, 0.0, 0.014, 0.638, 0.038], [0.004, 0.012, 0.632, 0.1, 0.0, 0.0, 0.184, 0.068], [0.318, 0.186, 0.01, 0.006, 0.218, 0.224, 0.016, 0.022], [0.742, 0.216, 0.002, 0.0, 0.02, 0.012, 0.0, 0.008], [0.006, 0.002, 0.926, 0.044, 0.0, 0.0, 0.018, 0.004], [0.722, 0.132, 0.004, 0.0, 0.074, 0.048, 0.012, 0.008]], "computation-time": 0.0010058879852294922, "max-memory-usage": 256216236}