{"auroc": 0.9997710729297254, "aupr": 0.9984370495361832, "y": [0, 3, 4, 0, 1, 7, 0, 6, 1, 3, 6, 3, 6, 5, 5, 1, 2, 1, 5, 6, 7, 1, 4, 2, 7, 2, 3, 2, 4, 0, 6, 5, 0, 5, 4, 4, 0, 7, 1, 4, 4, 1, 2, 6, 5, 6, 3, 6, 1, 2, 7, 3, 3, 5, 5, 5, 5, 2, 3, 3, 1, 7, 0, 4, 7, 6, 1, 0, 2, 3, 7, 1, 3, 2, 2, 7, 4, 0, 2, 6, 4, 2, 7, 1, 4, 6, 7, 0, 4, 3, 4, 7, 5, 6, 5, 0, 0, 6, 2, 7, 6, 6, 1, 5, 2, 2, 7, 6, 3, 0, 7, 3, 5, 2, 3, 1, 6, 0, 4, 1, 6, 2, 3, 2, 6, 1, 0, 7, 0, 4, 4, 5, 4, 2, 7, 0, 4, 2, 7, 4, 0, 2, 6, 4, 3, 1, 5, 7, 3, 3, 7, 6, 4, 4, 3, 6, 7, 7, 4, 2, 0, 3, 0, 3, 1, 1, 6, 7, 3, 4, 4, 7, 7, 3, 6, 6, 0, 0, 2, 1, 7, 0, 4, 2, 0, 3, 4, 1, 2, 3, 6, 0, 2, 0, 1, 7, 3, 6, 1, 0, 3, 1, 2, 3, 1, 0, 0, 4, 0, 2, 7, 6, 1, 5, 2, 7, 4, 1, 2, 4, 2, 5, 1, 6, 5, 4, 1, 6, 0, 1, 7, 2, 4, 1, 0, 2, 7, 7, 1, 6, 5, 5, 0, 2, 3, 3, 4, 2, 5, 7, 1, 7, 2, 6, 1, 3, 2, 4, 6, 6, 1, 3, 3, 3, 4, 5, 2, 6, 3, 1, 6, 2, 0, 6, 4, 2, 7, 0, 0, 7, 4, 6, 0, 7, 0, 0, 6, 7, 5, 6, 2, 5, 0, 2, 4, 1, 7, 2, 2, 2, 6, 2, 3, 4, 6, 3, 7, 4, 5, 6, 0, 3, 4, 4, 5, 0, 2, 5, 3, 4, 4, 4, 4, 4], "y-hat": [[0.522, 0.31, 0.018, 0.004, 0.052, 0.042, 0.0, 0.052], [0.01, 0.0, 0.054, 0.898, 0.002, 0.0, 0.03, 0.006], [0.08, 0.136, 0.038, 0.046, 0.536, 0.078, 0.004, 0.082], [0.95, 0.026, 0.0, 0.006, 0.0, 0.014, 0.004, 0.0], [0.034, 0.844, 0.006, 0.004, 0.062, 0.044, 0.002, 0.004], [0.016, 0.018, 0.042, 0.028, 0.012, 0.016, 0.132, 0.736], [0.642, 0.264, 0.004, 0.002, 0.034, 0.054, 0.0, 0.0], [0.0, 0.0, 0.02, 0.018, 0.0, 0.0, 0.94, 0.022], [0.194, 0.458, 0.066, 0.028, 0.08, 0.06, 0.044, 0.07], [0.0, 0.0, 0.05, 0.874, 0.0, 0.0, 0.07, 0.006], [0.004, 0.002, 0.182, 0.036, 0.002, 0.002, 0.598, 0.174], [0.008, 0.01, 0.202, 0.626, 0.0, 0.002, 0.022, 0.13], [0.012, 0.016, 0.038, 0.08, 0.006, 0.01, 0.692, 0.146], [0.074, 0.03, 0.014, 0.008, 0.146, 0.61, 0.012, 0.106], [0.086, 0.158, 0.0, 0.0, 0.096, 0.64, 0.004, 0.016], [0.078, 0.774, 0.0, 0.0, 0.092, 0.044, 0.002, 0.01], [0.002, 0.006, 0.526, 0.02, 0.0, 0.0, 0.352, 0.094], [0.158, 0.688, 0.004, 0.042, 0.014, 0.03, 0.006, 0.058], [0.026, 0.036, 0.0, 0.0, 0.076, 0.848, 0.002, 0.012], [0.012, 0.016, 0.09, 0.218, 0.01, 0.002, 0.63, 0.022], [0.102, 0.04, 0.058, 0.034, 0.074, 0.06, 0.012, 0.62], [0.164, 0.64, 0.008, 0.006, 0.106, 0.054, 0.008, 0.014], [0.118, 0.216, 0.0, 0.0, 0.554, 0.098, 0.004, 0.01], [0.06, 0.048, 0.632, 0.04, 0.038, 0.046, 0.05, 0.086], [0.038, 0.014, 0.066, 0.048, 0.014, 0.01, 0.016, 0.794], [0.0, 0.01, 0.8, 0.156, 0.0, 0.0, 0.026, 0.008], [0.0, 0.002, 0.04, 0.874, 0.0, 0.0, 0.078, 0.006], [0.01, 0.016, 0.806, 0.016, 0.008, 0.01, 0.084, 0.05], [0.12, 0.134, 0.002, 0.0, 0.67, 0.066, 0.004, 0.004], [0.71, 0.102, 0.004, 0.004, 0.052, 0.112, 0.01, 0.006], [0.002, 0.0, 0.058, 0.032, 0.0, 0.0, 0.882, 0.026], [0.086, 0.112, 0.008, 0.006, 0.14, 0.638, 0.002, 0.008], [0.788, 0.066, 0.0, 0.006, 0.06, 0.062, 0.002, 0.016], [0.064, 0.208, 0.012, 0.012, 0.058, 0.58, 0.022, 0.044], [0.15, 0.106, 0.0, 0.0, 0.696, 0.042, 0.0, 0.006], [0.17, 0.124, 0.0, 0.002, 0.618, 0.082, 0.002, 0.002], [0.518, 0.292, 0.018, 0.008, 0.102, 0.05, 0.002, 0.01], [0.024, 0.01, 0.11, 0.078, 0.014, 0.01, 0.022, 0.732], [0.13, 0.786, 0.01, 0.004, 0.032, 0.018, 0.0, 0.02], [0.124, 0.092, 0.006, 0.016, 0.36, 0.366, 0.008, 0.028], [0.008, 0.02, 0.0, 0.002, 0.954, 0.014, 0.0, 0.002], [0.09, 0.486, 0.002, 0.0, 0.292, 0.12, 0.0, 0.01], [0.004, 0.002, 0.706, 0.192, 0.0, 0.0, 0.07, 0.026], [0.002, 0.004, 0.062, 0.012, 0.0, 0.002, 0.886, 0.032], [0.018, 0.042, 0.0, 0.0, 0.142, 0.79, 0.002, 0.006], [0.006, 0.002, 0.25, 0.092, 0.0, 0.004, 0.62, 0.026], [0.008, 0.006, 0.056, 0.752, 0.008, 0.002, 0.062, 0.106], [0.01, 0.01, 0.082, 0.344, 0.006, 0.01, 0.43, 0.108], [0.212, 0.506, 0.006, 0.006, 0.162, 0.078, 0.01, 0.02], [0.028, 0.014, 0.788, 0.05, 0.006, 0.02, 0.022, 0.072], [0.046, 0.042, 0.02, 0.016, 0.016, 0.078, 0.028, 0.754], [0.002, 0.002, 0.162, 0.542, 0.0, 0.0, 0.268, 0.024], [0.02, 0.022, 0.154, 0.72, 0.004, 0.002, 0.032, 0.046], [0.11, 0.118, 0.022, 0.022, 0.09, 0.612, 0.012, 0.014], [0.056, 0.076, 0.0, 0.0, 0.112, 0.752, 0.0, 0.004], [0.128, 0.08, 0.008, 0.01, 0.072, 0.662, 0.012, 0.028], [0.224, 0.07, 0.002, 0.006, 0.048, 0.622, 0.008, 0.02], [0.002, 0.002, 0.896, 0.028, 0.002, 0.002, 0.042, 0.026], [0.004, 0.002, 0.02, 0.858, 0.002, 0.0, 0.096, 0.018], [0.022, 0.008, 0.17, 0.664, 0.004, 0.002, 0.086, 0.044], [0.224, 0.582, 0.0, 0.0, 0.12, 0.06, 0.0, 0.014], [0.0, 0.0, 0.018, 0.108, 0.004, 0.004, 0.018, 0.848], [0.71, 0.154, 0.03, 0.02, 0.036, 0.008, 0.004, 0.038], [0.266, 0.17, 0.002, 0.004, 0.498, 0.042, 0.002, 0.016], [0.018, 0.02, 0.07, 0.03, 0.016, 0.006, 0.102, 0.738], [0.006, 0.002, 0.088, 0.08, 0.002, 0.006, 0.624, 0.192], [0.146, 0.692, 0.002, 0.004, 0.064, 0.068, 0.002, 0.022], [0.472, 0.338, 0.02, 0.002, 0.08, 0.05, 0.0, 0.038], [0.004, 0.008, 0.728, 0.07, 0.004, 0.008, 0.034, 0.144], [0.002, 0.008, 0.066, 0.846, 0.004, 0.006, 0.036, 0.032], [0.008, 0.002, 0.036, 0.078, 0.008, 0.006, 0.018, 0.844], [0.192, 0.506, 0.016, 0.022, 0.072, 0.14, 0.028, 0.024], [0.044, 0.028, 0.288, 0.306, 0.0, 0.008, 0.17, 0.156], [0.028, 0.032, 0.68, 0.16, 0.016, 0.022, 0.016, 0.046], [0.0, 0.0, 0.836, 0.064, 0.0, 0.0, 0.096, 0.004], [0.042, 0.014, 0.028, 0.032, 0.012, 0.026, 0.022, 0.824], [0.046, 0.066, 0.0, 0.004, 0.86, 0.018, 0.0, 0.006], [0.778, 0.07, 0.004, 0.014, 0.02, 0.1, 0.012, 0.002], [0.002, 0.0, 0.934, 0.008, 0.0, 0.002, 0.048, 0.006], [0.008, 0.012, 0.09, 0.148, 0.002, 0.0, 0.706, 0.034], [0.186, 0.376, 0.0, 0.0, 0.372, 0.05, 0.008, 0.008], [0.024, 0.02, 0.544, 0.05, 0.006, 0.004, 0.298, 0.054], [0.01, 0.002, 0.0, 0.032, 0.008, 0.016, 0.016, 0.916], [0.172, 0.68, 0.004, 0.008, 0.07, 0.054, 0.006, 0.006], [0.05, 0.034, 0.0, 0.006, 0.88, 0.028, 0.0, 0.002], [0.002, 0.002, 0.188, 0.02, 0.0, 0.002, 0.772, 0.014], [0.01, 0.014, 0.24, 0.088, 0.014, 0.01, 0.04, 0.584], [0.444, 0.048, 0.0, 0.0, 0.42, 0.072, 0.002, 0.014], [0.108, 0.08, 0.016, 0.002, 0.536, 0.24, 0.006, 0.012], [0.004, 0.0, 0.052, 0.852, 0.0, 0.0, 0.074, 0.018], [0.226, 0.116, 0.002, 0.006, 0.41, 0.188, 0.004, 0.048], [0.012, 0.012, 0.042, 0.016, 0.006, 0.008, 0.048, 0.856], [0.068, 0.04, 0.014, 0.01, 0.23, 0.612, 0.01, 0.016], [0.004, 0.0, 0.124, 0.238, 0.006, 0.002, 0.606, 0.02], [0.042, 0.062, 0.002, 0.004, 0.224, 0.654, 0.002, 0.01], [0.788, 0.12, 0.004, 0.006, 0.032, 0.024, 0.01, 0.016], [0.754, 0.07, 0.012, 0.008, 0.078, 0.056, 0.004, 0.018], [0.002, 0.004, 0.194, 0.072, 0.002, 0.002, 0.682, 0.042], [0.0, 0.006, 0.594, 0.104, 0.002, 0.0, 0.154, 0.14], [0.198, 0.092, 0.046, 0.098, 0.03, 0.102, 0.054, 0.38], [0.002, 0.0, 0.23, 0.044, 0.002, 0.004, 0.702, 0.016], [0.004, 0.002, 0.192, 0.02, 0.0, 0.004, 0.77, 0.008], [0.088, 0.322, 0.0, 0.002, 0.366, 0.212, 0.002, 0.008], [0.172, 0.116, 0.008, 0.002, 0.256, 0.418, 0.01, 0.018], [0.006, 0.01, 0.584, 0.036, 0.008, 0.006, 0.112, 0.238], [0.0, 0.0, 0.932, 0.022, 0.0, 0.0, 0.046, 0.0], [0.002, 0.002, 0.008, 0.056, 0.0, 0.008, 0.044, 0.88], [0.002, 0.002, 0.01, 0.018, 0.0, 0.002, 0.924, 0.042], [0.006, 0.004, 0.036, 0.7, 0.002, 0.0, 0.242, 0.01], [0.39, 0.354, 0.008, 0.0, 0.176, 0.066, 0.002, 0.004], [0.016, 0.006, 0.02, 0.058, 0.008, 0.01, 0.028, 0.854], [0.016, 0.016, 0.042, 0.712, 0.002, 0.0, 0.188, 0.024], [0.088, 0.072, 0.0, 0.002, 0.07, 0.728, 0.006, 0.034], [0.002, 0.006, 0.862, 0.034, 0.006, 0.0, 0.06, 0.03], [0.006, 0.002, 0.182, 0.63, 0.0, 0.002, 0.142, 0.036], [0.112, 0.662, 0.006, 0.006, 0.084, 0.076, 0.006, 0.048], [0.004, 0.002, 0.016, 0.036, 0.0, 0.002, 0.848, 0.092], [0.934, 0.018, 0.0, 0.002, 0.01, 0.028, 0.006, 0.002], [0.168, 0.074, 0.026, 0.016, 0.586, 0.112, 0.002, 0.016], [0.038, 0.628, 0.008, 0.018, 0.246, 0.058, 0.0, 0.004], [0.004, 0.006, 0.058, 0.064, 0.002, 0.0, 0.792, 0.074], [0.008, 0.006, 0.754, 0.07, 0.002, 0.004, 0.106, 0.05], [0.004, 0.0, 0.034, 0.894, 0.0, 0.002, 0.034, 0.032], [0.002, 0.002, 0.844, 0.058, 0.0, 0.0, 0.076, 0.018], [0.004, 0.006, 0.048, 0.068, 0.0, 0.01, 0.728, 0.136], [0.194, 0.632, 0.0, 0.0, 0.096, 0.07, 0.006, 0.002], [0.428, 0.348, 0.0, 0.008, 0.066, 0.102, 0.01, 0.038], [0.012, 0.01, 0.036, 0.106, 0.014, 0.004, 0.094, 0.724], [0.718, 0.062, 0.0, 0.002, 0.166, 0.04, 0.002, 0.01], [0.16, 0.126, 0.026, 0.002, 0.498, 0.18, 0.008, 0.0], [0.102, 0.024, 0.002, 0.002, 0.634, 0.222, 0.002, 0.012], [0.032, 0.06, 0.002, 0.008, 0.152, 0.652, 0.004, 0.09], [0.05, 0.06, 0.002, 0.0, 0.694, 0.178, 0.0, 0.016], [0.0, 0.0, 0.828, 0.038, 0.0, 0.0, 0.116, 0.018], [0.026, 0.01, 0.096, 0.032, 0.008, 0.022, 0.068, 0.738], [0.688, 0.088, 0.002, 0.008, 0.112, 0.066, 0.002, 0.034], [0.068, 0.03, 0.008, 0.002, 0.76, 0.122, 0.006, 0.004], [0.0, 0.0, 0.914, 0.034, 0.0, 0.0, 0.02, 0.032], [0.038, 0.008, 0.04, 0.056, 0.008, 0.018, 0.124, 0.708], [0.018, 0.016, 0.002, 0.0, 0.924, 0.03, 0.0, 0.01], [0.806, 0.034, 0.0, 0.002, 0.096, 0.022, 0.018, 0.022], [0.024, 0.01, 0.506, 0.314, 0.006, 0.018, 0.078, 0.044], [0.0, 0.0, 0.034, 0.026, 0.0, 0.0, 0.924, 0.016], [0.042, 0.028, 0.004, 0.0, 0.848, 0.064, 0.002, 0.012], [0.008, 0.0, 0.146, 0.57, 0.0, 0.0, 0.244, 0.032], [0.118, 0.648, 0.024, 0.01, 0.102, 0.058, 0.008, 0.032], [0.064, 0.032, 0.026, 0.016, 0.12, 0.648, 0.01, 0.084], [0.212, 0.07, 0.04, 0.114, 0.03, 0.092, 0.048, 0.394], [0.052, 0.006, 0.068, 0.724, 0.004, 0.018, 0.076, 0.052], [0.012, 0.02, 0.082, 0.81, 0.006, 0.012, 0.01, 0.048], [0.014, 0.004, 0.048, 0.08, 0.012, 0.006, 0.098, 0.738], [0.002, 0.004, 0.054, 0.09, 0.0, 0.002, 0.714, 0.134], [0.25, 0.24, 0.0, 0.002, 0.462, 0.034, 0.004, 0.008], [0.078, 0.184, 0.0, 0.004, 0.662, 0.064, 0.0, 0.008], [0.0, 0.0, 0.05, 0.896, 0.002, 0.0, 0.026, 0.026], [0.004, 0.002, 0.09, 0.17, 0.0, 0.004, 0.644, 0.086], [0.01, 0.008, 0.006, 0.036, 0.002, 0.012, 0.014, 0.912], [0.082, 0.038, 0.006, 0.01, 0.04, 0.086, 0.012, 0.726], [0.042, 0.028, 0.0, 0.004, 0.904, 0.018, 0.0, 0.004], [0.002, 0.002, 0.644, 0.028, 0.0, 0.0, 0.28, 0.044], [0.836, 0.04, 0.018, 0.016, 0.01, 0.07, 0.006, 0.004], [0.006, 0.004, 0.04, 0.888, 0.002, 0.0, 0.054, 0.006], [0.754, 0.08, 0.004, 0.016, 0.024, 0.058, 0.024, 0.04], [0.0, 0.0, 0.138, 0.752, 0.0, 0.0, 0.094, 0.016], [0.072, 0.84, 0.004, 0.006, 0.042, 0.026, 0.004, 0.006], [0.154, 0.604, 0.028, 0.008, 0.062, 0.078, 0.026, 0.04], [0.002, 0.0, 0.11, 0.198, 0.004, 0.008, 0.584, 0.094], [0.05, 0.048, 0.004, 0.02, 0.042, 0.042, 0.032, 0.762], [0.0, 0.0, 0.02, 0.962, 0.0, 0.002, 0.008, 0.008], [0.094, 0.076, 0.0, 0.0, 0.744, 0.084, 0.0, 0.002], [0.016, 0.01, 0.002, 0.0, 0.946, 0.02, 0.0, 0.006], [0.0, 0.004, 0.008, 0.012, 0.0, 0.0, 0.036, 0.94], [0.026, 0.026, 0.066, 0.02, 0.032, 0.026, 0.132, 0.672], [0.008, 0.004, 0.08, 0.758, 0.002, 0.002, 0.112, 0.034], [0.006, 0.016, 0.078, 0.116, 0.002, 0.012, 0.54, 0.23], [0.002, 0.002, 0.062, 0.044, 0.002, 0.0, 0.818, 0.07], [0.774, 0.094, 0.0, 0.008, 0.052, 0.048, 0.002, 0.022], [0.858, 0.058, 0.006, 0.008, 0.022, 0.034, 0.004, 0.01], [0.01, 0.002, 0.844, 0.058, 0.0, 0.0, 0.04, 0.046], [0.178, 0.27, 0.086, 0.046, 0.194, 0.18, 0.006, 0.04], [0.006, 0.004, 0.006, 0.036, 0.006, 0.016, 0.006, 0.92], [0.804, 0.08, 0.018, 0.012, 0.022, 0.038, 0.018, 0.008], [0.164, 0.236, 0.0, 0.0, 0.514, 0.064, 0.002, 0.02], [0.004, 0.006, 0.454, 0.048, 0.002, 0.002, 0.428, 0.056], [0.8, 0.07, 0.034, 0.014, 0.018, 0.046, 0.01, 0.008], [0.016, 0.0, 0.086, 0.812, 0.004, 0.006, 0.07, 0.006], [0.034, 0.03, 0.0, 0.002, 0.552, 0.376, 0.004, 0.002], [0.074, 0.628, 0.0, 0.0, 0.21, 0.086, 0.0, 0.002], [0.002, 0.0, 0.962, 0.024, 0.0, 0.0, 0.012, 0.0], [0.01, 0.008, 0.086, 0.594, 0.002, 0.002, 0.07, 0.228], [0.004, 0.004, 0.442, 0.074, 0.0, 0.0, 0.456, 0.02], [0.522, 0.238, 0.01, 0.01, 0.078, 0.132, 0.008, 0.002], [0.006, 0.008, 0.722, 0.064, 0.002, 0.006, 0.122, 0.07], [0.686, 0.16, 0.0, 0.01, 0.04, 0.09, 0.012, 0.002], [0.114, 0.772, 0.0, 0.0, 0.062, 0.046, 0.002, 0.004], [0.014, 0.008, 0.012, 0.046, 0.012, 0.02, 0.02, 0.868], [0.008, 0.0, 0.034, 0.912, 0.004, 0.0, 0.038, 0.004], [0.032, 0.01, 0.076, 0.026, 0.006, 0.016, 0.792, 0.042], [0.27, 0.542, 0.0, 0.006, 0.056, 0.122, 0.002, 0.002], [0.836, 0.078, 0.002, 0.002, 0.044, 0.034, 0.0, 0.004], [0.008, 0.004, 0.152, 0.578, 0.0, 0.0, 0.222, 0.036], [0.092, 0.376, 0.022, 0.014, 0.27, 0.21, 0.0, 0.016], [0.0, 0.0, 0.918, 0.024, 0.0, 0.0, 0.05, 0.008], [0.0, 0.0, 0.028, 0.948, 0.0, 0.0, 0.022, 0.002], [0.034, 0.68, 0.014, 0.022, 0.19, 0.048, 0.002, 0.01], [0.638, 0.12, 0.014, 0.016, 0.092, 0.092, 0.002, 0.026], [0.786, 0.076, 0.002, 0.0, 0.054, 0.07, 0.0, 0.012], [0.132, 0.214, 0.006, 0.002, 0.596, 0.04, 0.0, 0.01], [0.866, 0.044, 0.0, 0.0, 0.032, 0.052, 0.0, 0.006], [0.002, 0.002, 0.872, 0.028, 0.002, 0.0, 0.082, 0.012], [0.006, 0.006, 0.022, 0.038, 0.0, 0.002, 0.068, 0.858], [0.006, 0.006, 0.024, 0.102, 0.0, 0.008, 0.742, 0.112], [0.094, 0.764, 0.0, 0.006, 0.082, 0.052, 0.0, 0.002], [0.168, 0.138, 0.006, 0.008, 0.038, 0.604, 0.012, 0.026], [0.008, 0.002, 0.788, 0.07, 0.008, 0.004, 0.08, 0.04], [0.002, 0.006, 0.028, 0.034, 0.002, 0.002, 0.07, 0.856], [0.056, 0.082, 0.0, 0.004, 0.798, 0.058, 0.0, 0.002], [0.166, 0.528, 0.012, 0.014, 0.084, 0.098, 0.026, 0.072], [0.004, 0.002, 0.876, 0.072, 0.0, 0.0, 0.026, 0.02], [0.074, 0.168, 0.024, 0.024, 0.584, 0.086, 0.004, 0.036], [0.0, 0.0, 0.86, 0.1, 0.002, 0.0, 0.036, 0.002], [0.01, 0.016, 0.0, 0.0, 0.08, 0.89, 0.0, 0.004], [0.248, 0.538, 0.002, 0.028, 0.056, 0.086, 0.002, 0.04], [0.004, 0.002, 0.144, 0.032, 0.006, 0.004, 0.77, 0.038], [0.076, 0.036, 0.0, 0.0, 0.122, 0.754, 0.002, 0.01], [0.018, 0.002, 0.0, 0.002, 0.958, 0.016, 0.0, 0.004], [0.1, 0.74, 0.004, 0.006, 0.084, 0.034, 0.006, 0.026], [0.004, 0.006, 0.11, 0.092, 0.0, 0.008, 0.718, 0.062], [0.948, 0.02, 0.0, 0.002, 0.006, 0.02, 0.002, 0.002], [0.162, 0.738, 0.022, 0.018, 0.032, 0.014, 0.006, 0.008], [0.006, 0.004, 0.028, 0.108, 0.01, 0.004, 0.08, 0.76], [0.004, 0.006, 0.482, 0.048, 0.002, 0.0, 0.412, 0.046], [0.19, 0.146, 0.014, 0.004, 0.408, 0.232, 0.006, 0.0], [0.114, 0.76, 0.002, 0.0, 0.058, 0.064, 0.002, 0.0], [0.86, 0.06, 0.0, 0.006, 0.03, 0.028, 0.01, 0.006], [0.002, 0.006, 0.888, 0.028, 0.0, 0.002, 0.064, 0.01], [0.002, 0.002, 0.01, 0.01, 0.0, 0.004, 0.044, 0.928], [0.042, 0.032, 0.008, 0.016, 0.02, 0.048, 0.018, 0.816], [0.148, 0.624, 0.002, 0.01, 0.14, 0.066, 0.002, 0.008], [0.0, 0.0, 0.034, 0.004, 0.0, 0.0, 0.942, 0.02], [0.148, 0.228, 0.002, 0.0, 0.216, 0.398, 0.002, 0.006], [0.016, 0.048, 0.004, 0.004, 0.234, 0.636, 0.004, 0.054], [0.636, 0.16, 0.018, 0.008, 0.044, 0.112, 0.016, 0.006], [0.0, 0.0, 0.884, 0.056, 0.002, 0.002, 0.054, 0.002], [0.008, 0.01, 0.074, 0.72, 0.004, 0.012, 0.034, 0.138], [0.028, 0.018, 0.214, 0.506, 0.002, 0.004, 0.128, 0.1], [0.218, 0.088, 0.0, 0.0, 0.464, 0.194, 0.002, 0.034], [0.006, 0.006, 0.74, 0.178, 0.002, 0.0, 0.056, 0.012], [0.08, 0.118, 0.0, 0.002, 0.088, 0.68, 0.008, 0.024], [0.056, 0.026, 0.01, 0.022, 0.024, 0.036, 0.028, 0.798], [0.062, 0.798, 0.0, 0.002, 0.088, 0.04, 0.0, 0.01], [0.004, 0.006, 0.04, 0.09, 0.018, 0.006, 0.066, 0.77], [0.014, 0.014, 0.53, 0.11, 0.006, 0.012, 0.162, 0.152], [0.002, 0.0, 0.054, 0.028, 0.0, 0.0, 0.894, 0.022], [0.124, 0.594, 0.034, 0.022, 0.096, 0.04, 0.02, 0.07], [0.02, 0.004, 0.114, 0.67, 0.002, 0.0, 0.18, 0.01], [0.03, 0.006, 0.696, 0.08, 0.01, 0.006, 0.092, 0.08], [0.01, 0.026, 0.004, 0.004, 0.896, 0.038, 0.0, 0.022], [0.006, 0.002, 0.09, 0.014, 0.002, 0.002, 0.832, 0.052], [0.008, 0.004, 0.036, 0.09, 0.0, 0.006, 0.724, 0.132], [0.15, 0.716, 0.01, 0.004, 0.052, 0.038, 0.004, 0.026], [0.012, 0.004, 0.054, 0.626, 0.002, 0.01, 0.078, 0.214], [0.0, 0.0, 0.026, 0.96, 0.0, 0.002, 0.006, 0.006], [0.004, 0.012, 0.12, 0.694, 0.0, 0.0, 0.144, 0.026], [0.072, 0.04, 0.02, 0.012, 0.696, 0.142, 0.008, 0.01], [0.042, 0.018, 0.002, 0.0, 0.186, 0.75, 0.0, 0.002], [0.0, 0.002, 0.948, 0.032, 0.0, 0.0, 0.014, 0.004], [0.002, 0.002, 0.088, 0.236, 0.002, 0.008, 0.594, 0.068], [0.002, 0.002, 0.184, 0.59, 0.0, 0.002, 0.206, 0.014], [0.106, 0.53, 0.044, 0.026, 0.092, 0.056, 0.056, 0.09], [0.012, 0.012, 0.1, 0.232, 0.004, 0.004, 0.608, 0.028], [0.0, 0.008, 0.918, 0.028, 0.002, 0.0, 0.044, 0.0], [0.656, 0.154, 0.014, 0.006, 0.116, 0.05, 0.002, 0.002], [0.002, 0.008, 0.04, 0.104, 0.002, 0.01, 0.726, 0.108], [0.188, 0.16, 0.026, 0.008, 0.492, 0.106, 0.0, 0.02], [0.004, 0.008, 0.82, 0.038, 0.0, 0.006, 0.062, 0.062], [0.0, 0.008, 0.014, 0.054, 0.004, 0.008, 0.024, 0.888], [0.718, 0.134, 0.018, 0.006, 0.04, 0.044, 0.024, 0.016], [0.492, 0.262, 0.0, 0.008, 0.064, 0.138, 0.002, 0.034], [0.198, 0.086, 0.05, 0.122, 0.032, 0.088, 0.068, 0.356], [0.086, 0.114, 0.002, 0.004, 0.63, 0.134, 0.006, 0.024], [0.002, 0.004, 0.058, 0.014, 0.002, 0.002, 0.852, 0.066], [0.602, 0.162, 0.004, 0.004, 0.044, 0.144, 0.016, 0.024], [0.006, 0.01, 0.026, 0.02, 0.0, 0.004, 0.062, 0.872], [0.722, 0.066, 0.0, 0.0, 0.062, 0.136, 0.0, 0.014], [0.686, 0.044, 0.0, 0.0, 0.2, 0.06, 0.0, 0.01], [0.01, 0.006, 0.29, 0.064, 0.0, 0.002, 0.594, 0.034], [0.004, 0.004, 0.03, 0.042, 0.012, 0.002, 0.082, 0.824], [0.066, 0.046, 0.0, 0.0, 0.06, 0.814, 0.004, 0.01], [0.004, 0.002, 0.176, 0.072, 0.002, 0.0, 0.714, 0.03], [0.002, 0.006, 0.838, 0.046, 0.002, 0.002, 0.022, 0.082], [0.146, 0.062, 0.004, 0.004, 0.122, 0.58, 0.012, 0.07], [0.806, 0.044, 0.014, 0.002, 0.104, 0.024, 0.002, 0.004], [0.002, 0.0, 0.946, 0.016, 0.0, 0.002, 0.026, 0.008], [0.086, 0.062, 0.0, 0.0, 0.698, 0.142, 0.0, 0.012], [0.158, 0.582, 0.008, 0.018, 0.098, 0.114, 0.014, 0.008], [0.0, 0.004, 0.012, 0.05, 0.006, 0.012, 0.044, 0.872], [0.0, 0.002, 0.916, 0.05, 0.0, 0.0, 0.026, 0.006], [0.002, 0.002, 0.79, 0.076, 0.002, 0.0, 0.108, 0.02], [0.012, 0.004, 0.66, 0.06, 0.004, 0.002, 0.166, 0.092], [0.0, 0.002, 0.064, 0.028, 0.004, 0.004, 0.846, 0.052], [0.0, 0.002, 0.934, 0.01, 0.0, 0.002, 0.05, 0.002], [0.014, 0.012, 0.232, 0.506, 0.024, 0.012, 0.034, 0.166], [0.112, 0.02, 0.006, 0.0, 0.668, 0.164, 0.004, 0.026], [0.008, 0.008, 0.038, 0.046, 0.002, 0.004, 0.726, 0.168], [0.006, 0.004, 0.038, 0.684, 0.0, 0.0, 0.23, 0.038], [0.008, 0.004, 0.012, 0.026, 0.002, 0.016, 0.022, 0.91], [0.036, 0.038, 0.0, 0.0, 0.868, 0.058, 0.0, 0.0], [0.07, 0.068, 0.004, 0.012, 0.104, 0.686, 0.012, 0.044], [0.004, 0.002, 0.086, 0.05, 0.0, 0.004, 0.798, 0.056], [0.612, 0.206, 0.002, 0.012, 0.068, 0.064, 0.006, 0.03], [0.004, 0.0, 0.068, 0.834, 0.002, 0.004, 0.072, 0.016], [0.14, 0.116, 0.0, 0.0, 0.642, 0.096, 0.0, 0.006], [0.006, 0.008, 0.0, 0.0, 0.968, 0.018, 0.0, 0.0], [0.044, 0.058, 0.0, 0.0, 0.118, 0.772, 0.002, 0.006], [0.512, 0.416, 0.006, 0.006, 0.022, 0.026, 0.006, 0.006], [0.006, 0.006, 0.75, 0.154, 0.0, 0.0, 0.068, 0.016], [0.034, 0.058, 0.008, 0.008, 0.328, 0.522, 0.004, 0.038], [0.0, 0.002, 0.03, 0.942, 0.0, 0.0, 0.026, 0.0], [0.11, 0.086, 0.026, 0.012, 0.542, 0.208, 0.006, 0.01], [0.04, 0.042, 0.0, 0.002, 0.55, 0.362, 0.002, 0.002], [0.072, 0.034, 0.01, 0.002, 0.724, 0.154, 0.0, 0.004], [0.028, 0.056, 0.006, 0.0, 0.846, 0.062, 0.0, 0.002], [0.146, 0.184, 0.0, 0.006, 0.602, 0.04, 0.006, 0.016]], "computation-time": 0.0172579288482666, "max-memory-usage": 42685424}