{"auroc": 0.9997118939763435, "aupr": 0.9981682222900334, "y": [0, 3, 4, 0, 1, 7, 0, 6, 1, 3, 6, 3, 6, 5, 5, 1, 2, 1, 5, 6, 7, 1, 4, 2, 7, 2, 3, 2, 4, 0, 6, 5, 0, 5, 4, 4, 0, 7, 1, 4, 4, 1, 2, 6, 5, 6, 3, 6, 1, 2, 7, 3, 3, 5, 5, 5, 5, 2, 3, 3, 1, 7, 0, 4, 7, 6, 1, 0, 2, 3, 7, 1, 3, 2, 2, 7, 4, 0, 2, 6, 4, 2, 7, 1, 4, 6, 7, 0, 4, 3, 4, 7, 5, 6, 5, 0, 0, 6, 2, 7, 6, 6, 1, 5, 2, 2, 7, 6, 3, 0, 7, 3, 5, 2, 3, 1, 6, 0, 4, 1, 6, 2, 3, 2, 6, 1, 0, 7, 0, 4, 4, 5, 4, 2, 7, 0, 4, 2, 7, 4, 0, 2, 6, 4, 3, 1, 5, 7, 3, 3, 7, 6, 4, 4, 3, 6, 7, 7, 4, 2, 0, 3, 0, 3, 1, 1, 6, 7, 3, 4, 4, 7, 7, 3, 6, 6, 0, 0, 2, 1, 7, 0, 4, 2, 0, 3, 4, 1, 2, 3, 6, 0, 2, 0, 1, 7, 3, 6, 1, 0, 3, 1, 2, 3, 1, 0, 0, 4, 0, 2, 7, 6, 1, 5, 2, 7, 4, 1, 2, 4, 2, 5, 1, 6, 5, 4, 1, 6, 0, 1, 7, 2, 4, 1, 0, 2, 7, 7, 1, 6, 5, 5, 0, 2, 3, 3, 4, 2, 5, 7, 1, 7, 2, 6, 1, 3, 2, 4, 6, 6, 1, 3, 3, 3, 4, 5, 2, 6, 3, 1, 6, 2, 0, 6, 4, 2, 7, 0, 0, 7, 4, 6, 0, 7, 0, 0, 6, 7, 5, 6, 2, 5, 0, 2, 4, 1, 7, 2, 2, 2, 6, 2, 3, 4, 6, 3, 7, 4, 5, 6, 0, 3, 4, 4, 5, 0, 2, 5, 3, 4, 4, 4, 4, 4], "y-hat": [[0.606, 0.214, 0.008, 0.012, 0.042, 0.04, 0.002, 0.076], [0.012, 0.016, 0.074, 0.86, 0.002, 0.0, 0.03, 0.006], [0.1, 0.18, 0.03, 0.024, 0.388, 0.104, 0.012, 0.162], [0.93, 0.042, 0.002, 0.006, 0.01, 0.0, 0.006, 0.004], [0.062, 0.67, 0.004, 0.004, 0.088, 0.162, 0.004, 0.006], [0.008, 0.018, 0.012, 0.038, 0.022, 0.008, 0.06, 0.834], [0.724, 0.2, 0.0, 0.0, 0.036, 0.036, 0.002, 0.002], [0.0, 0.002, 0.016, 0.004, 0.0, 0.002, 0.968, 0.008], [0.132, 0.438, 0.04, 0.062, 0.078, 0.122, 0.066, 0.062], [0.0, 0.006, 0.068, 0.86, 0.0, 0.004, 0.056, 0.006], [0.008, 0.01, 0.166, 0.042, 0.004, 0.002, 0.636, 0.132], [0.006, 0.018, 0.078, 0.75, 0.004, 0.004, 0.004, 0.136], [0.02, 0.018, 0.05, 0.084, 0.006, 0.004, 0.708, 0.11], [0.108, 0.086, 0.028, 0.01, 0.142, 0.568, 0.004, 0.054], [0.06, 0.126, 0.002, 0.002, 0.086, 0.706, 0.0, 0.018], [0.066, 0.806, 0.0, 0.002, 0.11, 0.014, 0.0, 0.002], [0.006, 0.0, 0.514, 0.026, 0.002, 0.002, 0.394, 0.056], [0.154, 0.702, 0.008, 0.024, 0.038, 0.04, 0.01, 0.024], [0.046, 0.042, 0.0, 0.002, 0.122, 0.78, 0.004, 0.004], [0.004, 0.004, 0.046, 0.146, 0.002, 0.002, 0.786, 0.01], [0.11, 0.024, 0.072, 0.046, 0.056, 0.034, 0.026, 0.632], [0.142, 0.656, 0.002, 0.012, 0.11, 0.05, 0.002, 0.026], [0.088, 0.132, 0.002, 0.006, 0.62, 0.144, 0.0, 0.008], [0.058, 0.024, 0.768, 0.04, 0.026, 0.022, 0.022, 0.04], [0.018, 0.004, 0.038, 0.04, 0.006, 0.008, 0.004, 0.882], [0.0, 0.0, 0.902, 0.07, 0.002, 0.0, 0.02, 0.006], [0.0, 0.002, 0.034, 0.87, 0.0, 0.0, 0.09, 0.004], [0.0, 0.0, 0.786, 0.06, 0.002, 0.002, 0.13, 0.02], [0.128, 0.1, 0.002, 0.0, 0.688, 0.066, 0.008, 0.008], [0.796, 0.07, 0.0, 0.012, 0.028, 0.088, 0.0, 0.006], [0.0, 0.002, 0.106, 0.06, 0.0, 0.0, 0.818, 0.014], [0.08, 0.128, 0.004, 0.004, 0.252, 0.524, 0.004, 0.004], [0.824, 0.056, 0.0, 0.0, 0.06, 0.046, 0.002, 0.012], [0.052, 0.152, 0.008, 0.004, 0.062, 0.666, 0.014, 0.042], [0.138, 0.09, 0.0, 0.0, 0.712, 0.056, 0.0, 0.004], [0.202, 0.112, 0.002, 0.0, 0.622, 0.056, 0.002, 0.004], [0.474, 0.238, 0.022, 0.028, 0.144, 0.052, 0.018, 0.024], [0.016, 0.016, 0.158, 0.088, 0.004, 0.018, 0.046, 0.654], [0.11, 0.774, 0.002, 0.004, 0.05, 0.024, 0.01, 0.026], [0.142, 0.12, 0.004, 0.01, 0.376, 0.328, 0.002, 0.018], [0.03, 0.028, 0.002, 0.002, 0.898, 0.032, 0.004, 0.004], [0.08, 0.556, 0.0, 0.006, 0.294, 0.062, 0.0, 0.002], [0.002, 0.0, 0.92, 0.026, 0.0, 0.0, 0.046, 0.006], [0.004, 0.008, 0.114, 0.018, 0.0, 0.002, 0.832, 0.022], [0.018, 0.046, 0.0, 0.002, 0.122, 0.802, 0.002, 0.008], [0.006, 0.004, 0.37, 0.044, 0.006, 0.0, 0.54, 0.03], [0.006, 0.006, 0.01, 0.844, 0.004, 0.004, 0.014, 0.112], [0.006, 0.012, 0.052, 0.264, 0.012, 0.002, 0.598, 0.054], [0.15, 0.636, 0.0, 0.004, 0.144, 0.042, 0.012, 0.012], [0.014, 0.008, 0.888, 0.038, 0.006, 0.002, 0.014, 0.03], [0.062, 0.062, 0.026, 0.046, 0.018, 0.078, 0.056, 0.652], [0.01, 0.002, 0.176, 0.502, 0.002, 0.0, 0.24, 0.068], [0.006, 0.002, 0.134, 0.79, 0.002, 0.002, 0.044, 0.02], [0.112, 0.112, 0.008, 0.024, 0.09, 0.634, 0.006, 0.014], [0.07, 0.064, 0.0, 0.002, 0.114, 0.746, 0.0, 0.004], [0.1, 0.082, 0.008, 0.022, 0.028, 0.724, 0.024, 0.012], [0.13, 0.13, 0.002, 0.008, 0.046, 0.664, 0.012, 0.008], [0.0, 0.0, 0.94, 0.022, 0.0, 0.0, 0.03, 0.008], [0.014, 0.014, 0.042, 0.814, 0.004, 0.004, 0.088, 0.02], [0.008, 0.002, 0.096, 0.78, 0.0, 0.0, 0.094, 0.02], [0.244, 0.57, 0.0, 0.004, 0.062, 0.106, 0.0, 0.014], [0.004, 0.0, 0.01, 0.026, 0.002, 0.0, 0.02, 0.938], [0.632, 0.192, 0.036, 0.03, 0.026, 0.014, 0.026, 0.044], [0.31, 0.18, 0.002, 0.0, 0.446, 0.044, 0.006, 0.012], [0.02, 0.03, 0.052, 0.014, 0.008, 0.004, 0.092, 0.78], [0.008, 0.002, 0.11, 0.154, 0.002, 0.0, 0.682, 0.042], [0.088, 0.718, 0.014, 0.018, 0.046, 0.092, 0.008, 0.016], [0.556, 0.26, 0.012, 0.002, 0.05, 0.046, 0.004, 0.07], [0.004, 0.0, 0.936, 0.024, 0.0, 0.002, 0.01, 0.024], [0.012, 0.006, 0.06, 0.86, 0.002, 0.002, 0.036, 0.022], [0.008, 0.002, 0.01, 0.042, 0.004, 0.004, 0.004, 0.926], [0.182, 0.416, 0.034, 0.052, 0.064, 0.16, 0.058, 0.034], [0.01, 0.002, 0.3, 0.408, 0.002, 0.002, 0.246, 0.03], [0.008, 0.012, 0.64, 0.266, 0.006, 0.0, 0.038, 0.03], [0.002, 0.0, 0.912, 0.032, 0.0, 0.0, 0.05, 0.004], [0.024, 0.016, 0.014, 0.04, 0.014, 0.012, 0.016, 0.864], [0.036, 0.016, 0.0, 0.0, 0.88, 0.062, 0.0, 0.006], [0.78, 0.1, 0.004, 0.012, 0.02, 0.072, 0.006, 0.006], [0.0, 0.0, 0.97, 0.01, 0.0, 0.0, 0.016, 0.004], [0.0, 0.002, 0.022, 0.11, 0.0, 0.002, 0.858, 0.006], [0.176, 0.266, 0.0, 0.002, 0.498, 0.046, 0.002, 0.01], [0.006, 0.01, 0.6, 0.058, 0.004, 0.002, 0.302, 0.018], [0.004, 0.012, 0.01, 0.03, 0.006, 0.01, 0.006, 0.922], [0.182, 0.684, 0.002, 0.002, 0.044, 0.06, 0.01, 0.016], [0.072, 0.064, 0.0, 0.0, 0.788, 0.066, 0.004, 0.006], [0.008, 0.0, 0.084, 0.002, 0.0, 0.006, 0.894, 0.006], [0.024, 0.034, 0.192, 0.072, 0.006, 0.018, 0.044, 0.61], [0.454, 0.038, 0.006, 0.002, 0.334, 0.128, 0.01, 0.028], [0.106, 0.082, 0.02, 0.02, 0.562, 0.164, 0.03, 0.016], [0.004, 0.0, 0.094, 0.798, 0.002, 0.004, 0.088, 0.01], [0.234, 0.096, 0.0, 0.002, 0.514, 0.112, 0.008, 0.034], [0.012, 0.006, 0.02, 0.02, 0.004, 0.004, 0.044, 0.89], [0.084, 0.058, 0.016, 0.006, 0.18, 0.642, 0.0, 0.014], [0.002, 0.008, 0.036, 0.252, 0.002, 0.002, 0.696, 0.002], [0.042, 0.05, 0.008, 0.006, 0.242, 0.642, 0.006, 0.004], [0.824, 0.096, 0.002, 0.0, 0.054, 0.02, 0.0, 0.004], [0.826, 0.046, 0.002, 0.036, 0.036, 0.022, 0.024, 0.008], [0.008, 0.0, 0.178, 0.048, 0.0, 0.002, 0.748, 0.016], [0.014, 0.004, 0.822, 0.036, 0.002, 0.0, 0.074, 0.048], [0.192, 0.1, 0.042, 0.088, 0.034, 0.074, 0.086, 0.384], [0.0, 0.0, 0.45, 0.046, 0.0, 0.002, 0.468, 0.034], [0.002, 0.004, 0.146, 0.02, 0.002, 0.004, 0.82, 0.002], [0.068, 0.358, 0.004, 0.004, 0.416, 0.146, 0.002, 0.002], [0.218, 0.1, 0.002, 0.006, 0.196, 0.446, 0.004, 0.028], [0.002, 0.006, 0.742, 0.052, 0.002, 0.0, 0.106, 0.09], [0.0, 0.0, 0.944, 0.02, 0.0, 0.0, 0.036, 0.0], [0.012, 0.006, 0.012, 0.018, 0.0, 0.002, 0.03, 0.92], [0.006, 0.002, 0.048, 0.024, 0.0, 0.006, 0.856, 0.058], [0.018, 0.01, 0.04, 0.684, 0.006, 0.004, 0.222, 0.016], [0.268, 0.37, 0.014, 0.008, 0.256, 0.068, 0.008, 0.008], [0.028, 0.028, 0.01, 0.034, 0.008, 0.01, 0.014, 0.868], [0.014, 0.006, 0.046, 0.696, 0.002, 0.0, 0.202, 0.034], [0.056, 0.076, 0.0, 0.0, 0.102, 0.756, 0.002, 0.008], [0.004, 0.01, 0.778, 0.04, 0.002, 0.006, 0.1, 0.06], [0.008, 0.0, 0.23, 0.626, 0.002, 0.0, 0.104, 0.03], [0.058, 0.694, 0.004, 0.014, 0.11, 0.056, 0.004, 0.06], [0.002, 0.0, 0.022, 0.028, 0.002, 0.012, 0.908, 0.026], [0.94, 0.022, 0.0, 0.0, 0.014, 0.022, 0.0, 0.002], [0.164, 0.056, 0.01, 0.03, 0.646, 0.076, 0.004, 0.014], [0.028, 0.808, 0.012, 0.014, 0.094, 0.042, 0.0, 0.002], [0.01, 0.016, 0.052, 0.032, 0.0, 0.004, 0.738, 0.148], [0.004, 0.006, 0.81, 0.048, 0.0, 0.002, 0.082, 0.048], [0.002, 0.002, 0.046, 0.892, 0.002, 0.0, 0.032, 0.024], [0.0, 0.002, 0.832, 0.058, 0.0, 0.0, 0.092, 0.016], [0.006, 0.006, 0.066, 0.088, 0.004, 0.006, 0.722, 0.102], [0.182, 0.562, 0.0, 0.004, 0.11, 0.126, 0.0, 0.016], [0.538, 0.208, 0.0, 0.006, 0.12, 0.104, 0.006, 0.018], [0.014, 0.014, 0.106, 0.102, 0.004, 0.0, 0.104, 0.656], [0.842, 0.038, 0.0, 0.002, 0.074, 0.028, 0.0, 0.016], [0.086, 0.062, 0.016, 0.014, 0.638, 0.142, 0.024, 0.018], [0.078, 0.024, 0.0, 0.0, 0.704, 0.176, 0.0, 0.018], [0.03, 0.058, 0.008, 0.008, 0.118, 0.714, 0.006, 0.058], [0.092, 0.04, 0.0, 0.002, 0.716, 0.14, 0.004, 0.006], [0.008, 0.008, 0.666, 0.096, 0.002, 0.004, 0.162, 0.054], [0.014, 0.018, 0.136, 0.06, 0.004, 0.012, 0.214, 0.542], [0.68, 0.098, 0.0, 0.004, 0.172, 0.024, 0.01, 0.012], [0.07, 0.026, 0.002, 0.006, 0.836, 0.06, 0.0, 0.0], [0.008, 0.0, 0.924, 0.024, 0.002, 0.002, 0.008, 0.032], [0.012, 0.018, 0.018, 0.038, 0.014, 0.016, 0.046, 0.838], [0.028, 0.032, 0.0, 0.002, 0.87, 0.068, 0.0, 0.0], [0.814, 0.022, 0.0, 0.0, 0.126, 0.014, 0.01, 0.014], [0.022, 0.02, 0.528, 0.328, 0.006, 0.004, 0.06, 0.032], [0.008, 0.006, 0.098, 0.034, 0.0, 0.0, 0.844, 0.01], [0.044, 0.036, 0.014, 0.006, 0.758, 0.118, 0.01, 0.014], [0.004, 0.004, 0.136, 0.562, 0.002, 0.004, 0.24, 0.048], [0.076, 0.766, 0.0, 0.006, 0.06, 0.042, 0.008, 0.042], [0.06, 0.07, 0.02, 0.008, 0.07, 0.684, 0.002, 0.086], [0.2, 0.068, 0.044, 0.092, 0.024, 0.068, 0.08, 0.424], [0.06, 0.01, 0.07, 0.702, 0.004, 0.014, 0.122, 0.018], [0.006, 0.01, 0.08, 0.85, 0.004, 0.004, 0.03, 0.016], [0.01, 0.018, 0.08, 0.082, 0.002, 0.002, 0.094, 0.712], [0.002, 0.008, 0.058, 0.1, 0.004, 0.002, 0.758, 0.068], [0.206, 0.244, 0.0, 0.006, 0.506, 0.026, 0.004, 0.008], [0.098, 0.144, 0.0, 0.0, 0.668, 0.084, 0.0, 0.006], [0.0, 0.0, 0.062, 0.898, 0.0, 0.0, 0.028, 0.012], [0.006, 0.008, 0.12, 0.144, 0.004, 0.006, 0.646, 0.066], [0.024, 0.01, 0.01, 0.034, 0.004, 0.018, 0.016, 0.884], [0.066, 0.052, 0.004, 0.036, 0.024, 0.074, 0.03, 0.714], [0.05, 0.022, 0.0, 0.004, 0.876, 0.038, 0.002, 0.008], [0.006, 0.008, 0.566, 0.064, 0.0, 0.002, 0.272, 0.082], [0.81, 0.064, 0.002, 0.01, 0.016, 0.096, 0.0, 0.002], [0.014, 0.002, 0.08, 0.834, 0.0, 0.0, 0.052, 0.018], [0.712, 0.178, 0.002, 0.006, 0.054, 0.042, 0.002, 0.004], [0.0, 0.002, 0.128, 0.744, 0.002, 0.0, 0.09, 0.034], [0.092, 0.766, 0.008, 0.004, 0.02, 0.088, 0.01, 0.012], [0.094, 0.666, 0.008, 0.012, 0.114, 0.062, 0.016, 0.028], [0.004, 0.012, 0.07, 0.152, 0.006, 0.008, 0.694, 0.054], [0.052, 0.022, 0.008, 0.002, 0.044, 0.05, 0.014, 0.808], [0.0, 0.0, 0.014, 0.974, 0.0, 0.002, 0.01, 0.0], [0.12, 0.116, 0.0, 0.0, 0.724, 0.038, 0.002, 0.0], [0.034, 0.026, 0.0, 0.004, 0.878, 0.054, 0.0, 0.004], [0.004, 0.0, 0.012, 0.002, 0.0, 0.0, 0.004, 0.978], [0.03, 0.046, 0.008, 0.016, 0.008, 0.016, 0.07, 0.806], [0.0, 0.008, 0.08, 0.73, 0.002, 0.002, 0.172, 0.006], [0.016, 0.008, 0.076, 0.09, 0.01, 0.008, 0.726, 0.066], [0.0, 0.004, 0.034, 0.01, 0.002, 0.0, 0.92, 0.03], [0.748, 0.08, 0.0, 0.004, 0.11, 0.034, 0.004, 0.02], [0.898, 0.034, 0.002, 0.0, 0.03, 0.032, 0.0, 0.004], [0.008, 0.002, 0.806, 0.062, 0.0, 0.002, 0.062, 0.058], [0.124, 0.238, 0.206, 0.152, 0.116, 0.094, 0.026, 0.044], [0.0, 0.0, 0.002, 0.02, 0.004, 0.004, 0.01, 0.96], [0.842, 0.06, 0.02, 0.01, 0.028, 0.024, 0.014, 0.002], [0.152, 0.158, 0.0, 0.0, 0.578, 0.082, 0.006, 0.024], [0.008, 0.004, 0.252, 0.072, 0.004, 0.008, 0.586, 0.066], [0.788, 0.068, 0.028, 0.034, 0.034, 0.02, 0.026, 0.002], [0.008, 0.008, 0.048, 0.87, 0.004, 0.002, 0.056, 0.004], [0.012, 0.012, 0.0, 0.002, 0.706, 0.262, 0.004, 0.002], [0.088, 0.664, 0.0, 0.002, 0.15, 0.094, 0.0, 0.002], [0.0, 0.0, 0.98, 0.008, 0.0, 0.0, 0.012, 0.0], [0.006, 0.012, 0.046, 0.638, 0.004, 0.006, 0.05, 0.238], [0.004, 0.0, 0.55, 0.056, 0.004, 0.0, 0.368, 0.018], [0.586, 0.258, 0.006, 0.002, 0.066, 0.076, 0.006, 0.0], [0.008, 0.002, 0.79, 0.058, 0.002, 0.0, 0.12, 0.02], [0.826, 0.09, 0.002, 0.006, 0.042, 0.028, 0.004, 0.002], [0.14, 0.7, 0.0, 0.0, 0.076, 0.08, 0.0, 0.004], [0.038, 0.018, 0.008, 0.028, 0.008, 0.01, 0.012, 0.878], [0.01, 0.006, 0.072, 0.854, 0.002, 0.0, 0.046, 0.01], [0.018, 0.014, 0.07, 0.012, 0.012, 0.02, 0.768, 0.086], [0.314, 0.416, 0.0, 0.0, 0.098, 0.164, 0.004, 0.004], [0.91, 0.03, 0.002, 0.008, 0.022, 0.02, 0.006, 0.002], [0.016, 0.0, 0.234, 0.536, 0.004, 0.0, 0.176, 0.034], [0.12, 0.348, 0.034, 0.036, 0.302, 0.144, 0.01, 0.006], [0.006, 0.01, 0.764, 0.066, 0.002, 0.0, 0.082, 0.07], [0.0, 0.0, 0.012, 0.972, 0.0, 0.0, 0.014, 0.002], [0.046, 0.792, 0.008, 0.016, 0.106, 0.022, 0.0, 0.01], [0.73, 0.048, 0.008, 0.032, 0.048, 0.1, 0.02, 0.014], [0.896, 0.034, 0.002, 0.002, 0.022, 0.038, 0.006, 0.0], [0.142, 0.204, 0.002, 0.006, 0.576, 0.052, 0.0, 0.018], [0.936, 0.03, 0.002, 0.002, 0.018, 0.012, 0.0, 0.0], [0.008, 0.006, 0.74, 0.074, 0.002, 0.004, 0.12, 0.046], [0.016, 0.018, 0.04, 0.028, 0.012, 0.004, 0.182, 0.7], [0.012, 0.008, 0.046, 0.126, 0.008, 0.006, 0.726, 0.068], [0.116, 0.656, 0.0, 0.006, 0.094, 0.116, 0.0, 0.012], [0.09, 0.126, 0.002, 0.008, 0.042, 0.706, 0.02, 0.006], [0.002, 0.002, 0.83, 0.044, 0.0, 0.0, 0.098, 0.024], [0.006, 0.01, 0.008, 0.01, 0.002, 0.002, 0.022, 0.94], [0.076, 0.038, 0.0, 0.0, 0.766, 0.116, 0.002, 0.002], [0.104, 0.54, 0.002, 0.018, 0.164, 0.08, 0.014, 0.078], [0.002, 0.0, 0.902, 0.06, 0.0, 0.0, 0.03, 0.006], [0.076, 0.154, 0.016, 0.008, 0.502, 0.204, 0.002, 0.038], [0.004, 0.002, 0.922, 0.05, 0.0, 0.0, 0.02, 0.002], [0.024, 0.016, 0.0, 0.0, 0.124, 0.834, 0.002, 0.0], [0.152, 0.536, 0.002, 0.0, 0.158, 0.094, 0.02, 0.038], [0.002, 0.004, 0.136, 0.036, 0.0, 0.004, 0.806, 0.012], [0.056, 0.074, 0.0, 0.0, 0.116, 0.738, 0.002, 0.014], [0.03, 0.02, 0.002, 0.0, 0.904, 0.038, 0.002, 0.004], [0.066, 0.756, 0.002, 0.01, 0.1, 0.022, 0.0, 0.044], [0.008, 0.0, 0.174, 0.138, 0.004, 0.004, 0.62, 0.052], [0.942, 0.032, 0.0, 0.0, 0.01, 0.016, 0.0, 0.0], [0.08, 0.84, 0.02, 0.016, 0.022, 0.008, 0.008, 0.006], [0.01, 0.01, 0.124, 0.046, 0.01, 0.002, 0.164, 0.634], [0.006, 0.006, 0.352, 0.084, 0.004, 0.006, 0.456, 0.086], [0.102, 0.118, 0.03, 0.004, 0.576, 0.146, 0.014, 0.01], [0.16, 0.722, 0.0, 0.006, 0.054, 0.052, 0.0, 0.006], [0.798, 0.068, 0.002, 0.006, 0.088, 0.036, 0.002, 0.0], [0.002, 0.002, 0.812, 0.082, 0.0, 0.0, 0.08, 0.022], [0.004, 0.006, 0.006, 0.008, 0.004, 0.002, 0.028, 0.942], [0.042, 0.016, 0.004, 0.002, 0.018, 0.06, 0.046, 0.812], [0.124, 0.634, 0.0, 0.008, 0.094, 0.108, 0.008, 0.024], [0.004, 0.004, 0.026, 0.008, 0.0, 0.0, 0.944, 0.014], [0.11, 0.174, 0.0, 0.0, 0.232, 0.472, 0.002, 0.01], [0.036, 0.096, 0.002, 0.016, 0.196, 0.616, 0.006, 0.032], [0.618, 0.168, 0.026, 0.01, 0.048, 0.096, 0.024, 0.01], [0.006, 0.002, 0.918, 0.05, 0.0, 0.0, 0.022, 0.002], [0.016, 0.008, 0.09, 0.8, 0.008, 0.012, 0.024, 0.042], [0.012, 0.002, 0.314, 0.454, 0.0, 0.002, 0.164, 0.052], [0.258, 0.08, 0.0, 0.004, 0.54, 0.09, 0.004, 0.024], [0.0, 0.008, 0.772, 0.146, 0.0, 0.0, 0.066, 0.008], [0.066, 0.106, 0.0, 0.0, 0.088, 0.736, 0.002, 0.002], [0.06, 0.04, 0.006, 0.024, 0.026, 0.024, 0.03, 0.79], [0.09, 0.826, 0.002, 0.0, 0.066, 0.012, 0.0, 0.004], [0.008, 0.01, 0.118, 0.048, 0.018, 0.004, 0.16, 0.634], [0.006, 0.01, 0.592, 0.114, 0.0, 0.002, 0.134, 0.142], [0.002, 0.008, 0.064, 0.06, 0.0, 0.0, 0.842, 0.024], [0.088, 0.65, 0.012, 0.03, 0.072, 0.046, 0.014, 0.088], [0.006, 0.004, 0.058, 0.84, 0.004, 0.0, 0.078, 0.01], [0.014, 0.012, 0.728, 0.1, 0.002, 0.0, 0.09, 0.054], [0.018, 0.024, 0.002, 0.004, 0.902, 0.042, 0.004, 0.004], [0.006, 0.006, 0.112, 0.026, 0.0, 0.002, 0.804, 0.044], [0.01, 0.01, 0.034, 0.07, 0.01, 0.008, 0.8, 0.058], [0.064, 0.816, 0.006, 0.014, 0.03, 0.042, 0.012, 0.016], [0.004, 0.02, 0.024, 0.69, 0.016, 0.008, 0.022, 0.216], [0.0, 0.01, 0.016, 0.956, 0.0, 0.002, 0.016, 0.0], [0.006, 0.004, 0.142, 0.696, 0.0, 0.0, 0.126, 0.026], [0.086, 0.048, 0.012, 0.018, 0.736, 0.078, 0.014, 0.008], [0.018, 0.012, 0.0, 0.0, 0.1, 0.87, 0.0, 0.0], [0.004, 0.004, 0.866, 0.058, 0.002, 0.002, 0.04, 0.024], [0.004, 0.002, 0.09, 0.168, 0.004, 0.006, 0.686, 0.04], [0.002, 0.004, 0.224, 0.568, 0.0, 0.0, 0.176, 0.026], [0.09, 0.53, 0.026, 0.034, 0.064, 0.084, 0.098, 0.074], [0.012, 0.006, 0.034, 0.182, 0.002, 0.0, 0.746, 0.018], [0.004, 0.002, 0.876, 0.066, 0.002, 0.004, 0.04, 0.006], [0.754, 0.046, 0.012, 0.01, 0.128, 0.034, 0.006, 0.01], [0.008, 0.002, 0.058, 0.118, 0.002, 0.01, 0.734, 0.068], [0.166, 0.122, 0.032, 0.04, 0.554, 0.066, 0.0, 0.02], [0.004, 0.002, 0.858, 0.044, 0.0, 0.0, 0.068, 0.024], [0.002, 0.004, 0.012, 0.032, 0.002, 0.002, 0.044, 0.902], [0.648, 0.17, 0.022, 0.014, 0.042, 0.06, 0.03, 0.014], [0.612, 0.174, 0.002, 0.006, 0.092, 0.098, 0.004, 0.012], [0.204, 0.104, 0.036, 0.088, 0.026, 0.076, 0.068, 0.398], [0.07, 0.138, 0.002, 0.008, 0.642, 0.118, 0.002, 0.02], [0.002, 0.006, 0.092, 0.028, 0.002, 0.0, 0.828, 0.042], [0.6, 0.22, 0.002, 0.0, 0.038, 0.132, 0.0, 0.008], [0.002, 0.02, 0.018, 0.01, 0.01, 0.006, 0.02, 0.914], [0.714, 0.094, 0.0, 0.002, 0.06, 0.114, 0.002, 0.014], [0.706, 0.04, 0.002, 0.01, 0.142, 0.072, 0.008, 0.02], [0.002, 0.008, 0.248, 0.034, 0.002, 0.004, 0.686, 0.016], [0.008, 0.022, 0.056, 0.014, 0.004, 0.004, 0.094, 0.798], [0.058, 0.052, 0.0, 0.0, 0.076, 0.812, 0.0, 0.002], [0.018, 0.002, 0.186, 0.048, 0.002, 0.006, 0.73, 0.008], [0.004, 0.0, 0.93, 0.022, 0.002, 0.0, 0.012, 0.03], [0.082, 0.088, 0.0, 0.012, 0.122, 0.642, 0.0, 0.054], [0.8, 0.05, 0.004, 0.002, 0.116, 0.02, 0.004, 0.004], [0.0, 0.0, 0.946, 0.024, 0.0, 0.0, 0.02, 0.01], [0.136, 0.076, 0.0, 0.002, 0.618, 0.152, 0.002, 0.014], [0.128, 0.672, 0.0, 0.004, 0.098, 0.088, 0.0, 0.01], [0.006, 0.004, 0.006, 0.044, 0.004, 0.022, 0.042, 0.872], [0.002, 0.0, 0.938, 0.024, 0.0, 0.0, 0.036, 0.0], [0.004, 0.006, 0.764, 0.072, 0.0, 0.0, 0.148, 0.006], [0.002, 0.006, 0.576, 0.072, 0.0, 0.008, 0.2, 0.136], [0.006, 0.002, 0.078, 0.03, 0.008, 0.004, 0.85, 0.022], [0.0, 0.01, 0.832, 0.042, 0.0, 0.0, 0.066, 0.05], [0.01, 0.016, 0.218, 0.65, 0.014, 0.002, 0.032, 0.058], [0.126, 0.022, 0.0, 0.0, 0.7, 0.128, 0.0, 0.024], [0.014, 0.01, 0.052, 0.026, 0.0, 0.002, 0.84, 0.056], [0.002, 0.006, 0.062, 0.658, 0.002, 0.002, 0.216, 0.052], [0.012, 0.004, 0.014, 0.032, 0.002, 0.014, 0.07, 0.852], [0.07, 0.02, 0.002, 0.002, 0.836, 0.058, 0.008, 0.004], [0.072, 0.104, 0.0, 0.0, 0.122, 0.692, 0.002, 0.008], [0.01, 0.0, 0.12, 0.054, 0.006, 0.008, 0.766, 0.036], [0.554, 0.206, 0.006, 0.034, 0.054, 0.094, 0.012, 0.04], [0.006, 0.002, 0.014, 0.904, 0.002, 0.0, 0.062, 0.01], [0.132, 0.104, 0.0, 0.0, 0.71, 0.05, 0.0, 0.004], [0.028, 0.012, 0.0, 0.0, 0.926, 0.034, 0.0, 0.0], [0.068, 0.106, 0.0, 0.004, 0.118, 0.69, 0.008, 0.006], [0.664, 0.274, 0.006, 0.004, 0.022, 0.018, 0.002, 0.01], [0.0, 0.002, 0.832, 0.116, 0.0, 0.0, 0.044, 0.006], [0.05, 0.094, 0.004, 0.004, 0.194, 0.614, 0.008, 0.032], [0.0, 0.0, 0.022, 0.952, 0.0, 0.0, 0.024, 0.002], [0.092, 0.062, 0.03, 0.008, 0.666, 0.1, 0.032, 0.01], [0.014, 0.01, 0.0, 0.002, 0.672, 0.3, 0.002, 0.0], [0.042, 0.036, 0.004, 0.002, 0.832, 0.078, 0.0, 0.006], [0.02, 0.032, 0.002, 0.006, 0.904, 0.034, 0.0, 0.002], [0.186, 0.146, 0.0, 0.0, 0.614, 0.044, 0.0, 0.01]], "computation-time": 37.590389013290405, "max-memory-usage": 88897149}