{"auroc": 0.9997051897952013, "aupr": 0.997884914397401, "y": [0, 3, 4, 0, 1, 7, 0, 6, 1, 3, 6, 3, 6, 5, 5, 1, 2, 1, 5, 6, 7, 1, 4, 2, 7, 2, 3, 2, 4, 0, 6, 5, 0, 5, 4, 4, 0, 7, 1, 4, 4, 1, 2, 6, 5, 6, 3, 6, 1, 2, 7, 3, 3, 5, 5, 5, 5, 2, 3, 3, 1, 7, 0, 4, 7, 6, 1, 0, 2, 3, 7, 1, 3, 2, 2, 7, 4, 0, 2, 6, 4, 2, 7, 1, 4, 6, 7, 0, 4, 3, 4, 7, 5, 6, 5, 0, 0, 6, 2, 7, 6, 6, 1, 5, 2, 2, 7, 6, 3, 0, 7, 3, 5, 2, 3, 1, 6, 0, 4, 1, 6, 2, 3, 2, 6, 1, 0, 7, 0, 4, 4, 5, 4, 2, 7, 0, 4, 2, 7, 4, 0, 2, 6, 4, 3, 1, 5, 7, 3, 3, 7, 6, 4, 4, 3, 6, 7, 7, 4, 2, 0, 3, 0, 3, 1, 1, 6, 7, 3, 4, 4, 7, 7, 3, 6, 6, 0, 0, 2, 1, 7, 0, 4, 2, 0, 3, 4, 1, 2, 3, 6, 0, 2, 0, 1, 7, 3, 6, 1, 0, 3, 1, 2, 3, 1, 0, 0, 4, 0, 2, 7, 6, 1, 5, 2, 7, 4, 1, 2, 4, 2, 5, 1, 6, 5, 4, 1, 6, 0, 1, 7, 2, 4, 1, 0, 2, 7, 7, 1, 6, 5, 5, 0, 2, 3, 3, 4, 2, 5, 7, 1, 7, 2, 6, 1, 3, 2, 4, 6, 6, 1, 3, 3, 3, 4, 5, 2, 6, 3, 1, 6, 2, 0, 6, 4, 2, 7, 0, 0, 7, 4, 6, 0, 7, 0, 0, 6, 7, 5, 6, 2, 5, 0, 2, 4, 1, 7, 2, 2, 2, 6, 2, 3, 4, 6, 3, 7, 4, 5, 6, 0, 3, 4, 4, 5, 0, 2, 5, 3, 4, 4, 4, 4, 4], "y-hat": [[0.492, 0.284, 0.018, 0.012, 0.1, 0.052, 0.0, 0.042], [0.006, 0.002, 0.05, 0.872, 0.0, 0.0, 0.062, 0.008], [0.052, 0.116, 0.012, 0.016, 0.528, 0.138, 0.006, 0.132], [0.986, 0.006, 0.0, 0.004, 0.002, 0.0, 0.0, 0.002], [0.05, 0.838, 0.0, 0.002, 0.05, 0.054, 0.0, 0.006], [0.028, 0.026, 0.032, 0.054, 0.01, 0.006, 0.088, 0.756], [0.652, 0.254, 0.004, 0.008, 0.022, 0.048, 0.002, 0.01], [0.0, 0.0, 0.022, 0.012, 0.0, 0.0, 0.964, 0.002], [0.168, 0.444, 0.03, 0.04, 0.088, 0.092, 0.048, 0.09], [0.0, 0.0, 0.044, 0.872, 0.0, 0.0, 0.082, 0.002], [0.0, 0.004, 0.18, 0.076, 0.0, 0.0, 0.694, 0.046], [0.018, 0.008, 0.086, 0.584, 0.002, 0.002, 0.052, 0.248], [0.026, 0.018, 0.076, 0.118, 0.0, 0.004, 0.67, 0.088], [0.092, 0.076, 0.008, 0.0, 0.172, 0.546, 0.01, 0.096], [0.13, 0.136, 0.0, 0.006, 0.04, 0.674, 0.0, 0.014], [0.068, 0.766, 0.0, 0.006, 0.122, 0.028, 0.0, 0.01], [0.004, 0.0, 0.654, 0.036, 0.0, 0.0, 0.268, 0.038], [0.164, 0.68, 0.01, 0.044, 0.024, 0.024, 0.024, 0.03], [0.02, 0.018, 0.0, 0.0, 0.032, 0.926, 0.0, 0.004], [0.004, 0.002, 0.082, 0.092, 0.0, 0.0, 0.784, 0.036], [0.106, 0.036, 0.058, 0.038, 0.104, 0.074, 0.014, 0.57], [0.128, 0.66, 0.008, 0.012, 0.132, 0.038, 0.0, 0.022], [0.08, 0.302, 0.0, 0.0, 0.452, 0.158, 0.0, 0.008], [0.1, 0.042, 0.678, 0.026, 0.038, 0.022, 0.046, 0.048], [0.016, 0.004, 0.038, 0.04, 0.004, 0.006, 0.028, 0.864], [0.004, 0.002, 0.876, 0.088, 0.002, 0.0, 0.026, 0.002], [0.0, 0.0, 0.034, 0.92, 0.0, 0.0, 0.04, 0.006], [0.01, 0.004, 0.85, 0.068, 0.012, 0.0, 0.036, 0.02], [0.164, 0.098, 0.002, 0.002, 0.694, 0.04, 0.0, 0.0], [0.738, 0.08, 0.002, 0.01, 0.032, 0.126, 0.006, 0.006], [0.0, 0.002, 0.084, 0.018, 0.002, 0.0, 0.878, 0.016], [0.058, 0.162, 0.006, 0.008, 0.202, 0.562, 0.002, 0.0], [0.868, 0.034, 0.0, 0.004, 0.018, 0.046, 0.002, 0.028], [0.03, 0.224, 0.01, 0.008, 0.052, 0.628, 0.004, 0.044], [0.142, 0.154, 0.0, 0.0, 0.634, 0.06, 0.0, 0.01], [0.2, 0.204, 0.002, 0.0, 0.54, 0.052, 0.0, 0.002], [0.476, 0.214, 0.026, 0.004, 0.208, 0.054, 0.002, 0.016], [0.036, 0.018, 0.038, 0.04, 0.022, 0.008, 0.03, 0.808], [0.116, 0.804, 0.002, 0.008, 0.024, 0.018, 0.0, 0.028], [0.112, 0.102, 0.0, 0.014, 0.376, 0.376, 0.002, 0.018], [0.014, 0.03, 0.0, 0.0, 0.918, 0.038, 0.0, 0.0], [0.086, 0.496, 0.002, 0.006, 0.258, 0.144, 0.002, 0.006], [0.002, 0.004, 0.708, 0.132, 0.0, 0.0, 0.09, 0.064], [0.004, 0.004, 0.08, 0.03, 0.002, 0.004, 0.848, 0.028], [0.004, 0.042, 0.0, 0.0, 0.102, 0.85, 0.0, 0.002], [0.006, 0.0, 0.37, 0.064, 0.0, 0.004, 0.546, 0.01], [0.008, 0.01, 0.036, 0.784, 0.0, 0.006, 0.042, 0.114], [0.004, 0.004, 0.054, 0.31, 0.006, 0.01, 0.55, 0.062], [0.186, 0.562, 0.004, 0.002, 0.16, 0.042, 0.004, 0.04], [0.022, 0.01, 0.842, 0.018, 0.008, 0.004, 0.044, 0.052], [0.058, 0.028, 0.012, 0.008, 0.026, 0.038, 0.02, 0.81], [0.006, 0.006, 0.158, 0.502, 0.0, 0.0, 0.306, 0.022], [0.012, 0.006, 0.166, 0.718, 0.014, 0.004, 0.052, 0.028], [0.094, 0.084, 0.018, 0.012, 0.074, 0.694, 0.004, 0.02], [0.052, 0.102, 0.0, 0.0, 0.142, 0.696, 0.004, 0.004], [0.124, 0.074, 0.02, 0.01, 0.022, 0.702, 0.032, 0.016], [0.176, 0.08, 0.008, 0.006, 0.05, 0.658, 0.014, 0.008], [0.008, 0.002, 0.904, 0.016, 0.002, 0.0, 0.064, 0.004], [0.008, 0.0, 0.006, 0.93, 0.0, 0.0, 0.048, 0.008], [0.022, 0.006, 0.106, 0.742, 0.0, 0.0, 0.098, 0.026], [0.174, 0.632, 0.0, 0.0, 0.098, 0.072, 0.0, 0.024], [0.002, 0.002, 0.022, 0.054, 0.006, 0.004, 0.012, 0.898], [0.732, 0.152, 0.014, 0.014, 0.018, 0.016, 0.006, 0.048], [0.198, 0.178, 0.0, 0.004, 0.572, 0.04, 0.0, 0.008], [0.02, 0.012, 0.086, 0.028, 0.012, 0.006, 0.082, 0.754], [0.014, 0.006, 0.186, 0.142, 0.0, 0.002, 0.572, 0.078], [0.106, 0.714, 0.002, 0.004, 0.084, 0.058, 0.004, 0.028], [0.536, 0.234, 0.016, 0.004, 0.12, 0.054, 0.0, 0.036], [0.004, 0.012, 0.712, 0.038, 0.018, 0.014, 0.05, 0.152], [0.008, 0.0, 0.056, 0.874, 0.002, 0.004, 0.034, 0.022], [0.006, 0.006, 0.038, 0.046, 0.012, 0.028, 0.016, 0.848], [0.198, 0.462, 0.022, 0.018, 0.084, 0.182, 0.01, 0.024], [0.02, 0.014, 0.322, 0.294, 0.006, 0.002, 0.228, 0.114], [0.02, 0.016, 0.674, 0.174, 0.038, 0.006, 0.03, 0.042], [0.0, 0.0, 0.91, 0.04, 0.0, 0.0, 0.048, 0.002], [0.024, 0.002, 0.012, 0.008, 0.022, 0.03, 0.02, 0.882], [0.044, 0.062, 0.0, 0.0, 0.86, 0.034, 0.0, 0.0], [0.778, 0.084, 0.014, 0.016, 0.03, 0.062, 0.016, 0.0], [0.006, 0.002, 0.836, 0.024, 0.0, 0.0, 0.112, 0.02], [0.002, 0.006, 0.046, 0.16, 0.002, 0.002, 0.768, 0.014], [0.072, 0.536, 0.002, 0.0, 0.344, 0.04, 0.0, 0.006], [0.016, 0.002, 0.768, 0.042, 0.002, 0.002, 0.13, 0.038], [0.02, 0.008, 0.014, 0.016, 0.026, 0.022, 0.022, 0.872], [0.172, 0.668, 0.002, 0.02, 0.048, 0.08, 0.004, 0.006], [0.078, 0.032, 0.004, 0.0, 0.826, 0.056, 0.0, 0.004], [0.0, 0.002, 0.294, 0.068, 0.002, 0.004, 0.62, 0.01], [0.03, 0.032, 0.062, 0.044, 0.012, 0.018, 0.038, 0.764], [0.44, 0.06, 0.0, 0.0, 0.334, 0.104, 0.002, 0.06], [0.16, 0.094, 0.05, 0.018, 0.518, 0.142, 0.01, 0.008], [0.0, 0.0, 0.032, 0.88, 0.0, 0.0, 0.08, 0.008], [0.246, 0.134, 0.004, 0.0, 0.38, 0.198, 0.0, 0.038], [0.008, 0.006, 0.028, 0.02, 0.008, 0.0, 0.008, 0.922], [0.07, 0.06, 0.008, 0.008, 0.234, 0.596, 0.0, 0.024], [0.006, 0.002, 0.066, 0.136, 0.004, 0.002, 0.754, 0.03], [0.068, 0.044, 0.006, 0.01, 0.2, 0.664, 0.002, 0.006], [0.892, 0.056, 0.0, 0.004, 0.012, 0.02, 0.01, 0.006], [0.802, 0.042, 0.008, 0.012, 0.05, 0.064, 0.004, 0.018], [0.004, 0.004, 0.302, 0.06, 0.002, 0.0, 0.594, 0.034], [0.006, 0.004, 0.682, 0.086, 0.002, 0.002, 0.138, 0.08], [0.15, 0.07, 0.032, 0.064, 0.038, 0.074, 0.06, 0.512], [0.004, 0.0, 0.13, 0.056, 0.0, 0.002, 0.796, 0.012], [0.0, 0.002, 0.254, 0.064, 0.0, 0.0, 0.67, 0.01], [0.058, 0.376, 0.002, 0.006, 0.334, 0.216, 0.002, 0.006], [0.148, 0.084, 0.004, 0.002, 0.28, 0.472, 0.0, 0.01], [0.014, 0.012, 0.556, 0.018, 0.004, 0.0, 0.136, 0.26], [0.002, 0.0, 0.912, 0.006, 0.0, 0.0, 0.076, 0.004], [0.01, 0.004, 0.018, 0.056, 0.002, 0.006, 0.062, 0.842], [0.0, 0.004, 0.01, 0.038, 0.0, 0.004, 0.888, 0.056], [0.004, 0.0, 0.01, 0.704, 0.0, 0.0, 0.274, 0.008], [0.38, 0.276, 0.014, 0.002, 0.258, 0.068, 0.002, 0.0], [0.014, 0.006, 0.02, 0.026, 0.012, 0.006, 0.016, 0.9], [0.008, 0.004, 0.016, 0.684, 0.0, 0.0, 0.274, 0.014], [0.064, 0.078, 0.002, 0.002, 0.07, 0.77, 0.0, 0.014], [0.012, 0.004, 0.81, 0.036, 0.002, 0.0, 0.092, 0.044], [0.0, 0.002, 0.182, 0.648, 0.0, 0.006, 0.154, 0.008], [0.102, 0.662, 0.002, 0.004, 0.082, 0.058, 0.012, 0.078], [0.004, 0.002, 0.02, 0.046, 0.0, 0.002, 0.888, 0.038], [0.944, 0.016, 0.0, 0.01, 0.0, 0.014, 0.016, 0.0], [0.172, 0.062, 0.008, 0.018, 0.606, 0.1, 0.008, 0.026], [0.058, 0.57, 0.012, 0.01, 0.29, 0.054, 0.0, 0.006], [0.006, 0.006, 0.034, 0.086, 0.002, 0.002, 0.752, 0.112], [0.014, 0.0, 0.764, 0.054, 0.0, 0.006, 0.122, 0.04], [0.002, 0.002, 0.016, 0.932, 0.002, 0.002, 0.03, 0.014], [0.002, 0.002, 0.836, 0.03, 0.0, 0.0, 0.106, 0.024], [0.008, 0.0, 0.042, 0.156, 0.0, 0.006, 0.764, 0.024], [0.09, 0.69, 0.002, 0.002, 0.106, 0.106, 0.0, 0.004], [0.628, 0.158, 0.002, 0.002, 0.058, 0.116, 0.018, 0.018], [0.022, 0.044, 0.076, 0.038, 0.016, 0.002, 0.076, 0.726], [0.728, 0.052, 0.002, 0.0, 0.168, 0.04, 0.0, 0.01], [0.196, 0.084, 0.034, 0.022, 0.562, 0.092, 0.002, 0.008], [0.074, 0.026, 0.0, 0.0, 0.728, 0.15, 0.0, 0.022], [0.034, 0.088, 0.004, 0.002, 0.124, 0.7, 0.002, 0.046], [0.072, 0.096, 0.0, 0.004, 0.684, 0.124, 0.004, 0.016], [0.008, 0.006, 0.66, 0.082, 0.008, 0.006, 0.19, 0.04], [0.04, 0.016, 0.104, 0.042, 0.018, 0.008, 0.084, 0.688], [0.768, 0.058, 0.0, 0.016, 0.084, 0.042, 0.008, 0.024], [0.066, 0.042, 0.01, 0.01, 0.814, 0.054, 0.002, 0.002], [0.002, 0.0, 0.886, 0.042, 0.006, 0.004, 0.046, 0.014], [0.034, 0.014, 0.034, 0.046, 0.016, 0.01, 0.06, 0.786], [0.012, 0.036, 0.004, 0.002, 0.91, 0.03, 0.002, 0.004], [0.792, 0.046, 0.006, 0.01, 0.084, 0.016, 0.016, 0.03], [0.032, 0.012, 0.478, 0.304, 0.008, 0.014, 0.112, 0.04], [0.002, 0.0, 0.05, 0.034, 0.0, 0.0, 0.912, 0.002], [0.044, 0.036, 0.002, 0.01, 0.828, 0.06, 0.0, 0.02], [0.006, 0.006, 0.118, 0.548, 0.0, 0.0, 0.312, 0.01], [0.11, 0.722, 0.008, 0.006, 0.086, 0.032, 0.006, 0.03], [0.09, 0.036, 0.012, 0.006, 0.09, 0.694, 0.002, 0.07], [0.14, 0.056, 0.028, 0.058, 0.032, 0.064, 0.07, 0.552], [0.05, 0.01, 0.036, 0.79, 0.006, 0.008, 0.082, 0.018], [0.012, 0.006, 0.09, 0.788, 0.02, 0.012, 0.028, 0.044], [0.022, 0.036, 0.074, 0.028, 0.018, 0.0, 0.076, 0.746], [0.006, 0.004, 0.11, 0.042, 0.002, 0.002, 0.718, 0.116], [0.124, 0.386, 0.004, 0.002, 0.43, 0.04, 0.004, 0.01], [0.14, 0.148, 0.0, 0.0, 0.594, 0.112, 0.002, 0.004], [0.0, 0.0, 0.04, 0.94, 0.002, 0.0, 0.012, 0.006], [0.012, 0.01, 0.084, 0.132, 0.002, 0.016, 0.64, 0.104], [0.016, 0.014, 0.008, 0.026, 0.012, 0.02, 0.008, 0.896], [0.054, 0.062, 0.004, 0.006, 0.038, 0.046, 0.012, 0.778], [0.062, 0.026, 0.0, 0.002, 0.86, 0.022, 0.002, 0.026], [0.002, 0.004, 0.552, 0.056, 0.002, 0.006, 0.304, 0.074], [0.84, 0.028, 0.004, 0.014, 0.014, 0.092, 0.002, 0.006], [0.014, 0.002, 0.058, 0.802, 0.006, 0.002, 0.106, 0.01], [0.752, 0.076, 0.006, 0.03, 0.014, 0.068, 0.018, 0.036], [0.004, 0.0, 0.1, 0.736, 0.0, 0.0, 0.154, 0.006], [0.092, 0.792, 0.006, 0.002, 0.05, 0.052, 0.002, 0.004], [0.104, 0.71, 0.026, 0.014, 0.082, 0.02, 0.004, 0.04], [0.008, 0.004, 0.094, 0.166, 0.002, 0.014, 0.648, 0.064], [0.054, 0.022, 0.0, 0.012, 0.028, 0.038, 0.008, 0.838], [0.002, 0.002, 0.008, 0.974, 0.004, 0.0, 0.006, 0.004], [0.08, 0.07, 0.0, 0.0, 0.79, 0.058, 0.0, 0.002], [0.02, 0.038, 0.004, 0.01, 0.908, 0.018, 0.0, 0.002], [0.0, 0.004, 0.006, 0.014, 0.002, 0.0, 0.014, 0.96], [0.04, 0.034, 0.064, 0.012, 0.042, 0.01, 0.036, 0.762], [0.002, 0.008, 0.086, 0.78, 0.004, 0.0, 0.104, 0.016], [0.01, 0.008, 0.108, 0.094, 0.004, 0.008, 0.654, 0.114], [0.0, 0.0, 0.036, 0.05, 0.0, 0.0, 0.892, 0.022], [0.806, 0.046, 0.002, 0.01, 0.052, 0.036, 0.0, 0.048], [0.922, 0.014, 0.0, 0.004, 0.008, 0.042, 0.004, 0.006], [0.002, 0.006, 0.898, 0.048, 0.0, 0.002, 0.028, 0.016], [0.12, 0.28, 0.074, 0.06, 0.192, 0.226, 0.014, 0.034], [0.006, 0.002, 0.006, 0.014, 0.016, 0.004, 0.004, 0.948], [0.856, 0.06, 0.004, 0.01, 0.024, 0.026, 0.016, 0.004], [0.144, 0.412, 0.0, 0.004, 0.374, 0.044, 0.004, 0.018], [0.01, 0.004, 0.486, 0.078, 0.006, 0.004, 0.314, 0.098], [0.866, 0.042, 0.02, 0.014, 0.012, 0.036, 0.006, 0.004], [0.004, 0.0, 0.054, 0.854, 0.0, 0.006, 0.078, 0.004], [0.026, 0.034, 0.0, 0.002, 0.592, 0.342, 0.004, 0.0], [0.056, 0.656, 0.0, 0.004, 0.21, 0.074, 0.0, 0.0], [0.0, 0.0, 0.936, 0.016, 0.0, 0.0, 0.046, 0.002], [0.01, 0.01, 0.042, 0.628, 0.002, 0.006, 0.066, 0.236], [0.004, 0.0, 0.5, 0.086, 0.0, 0.006, 0.386, 0.018], [0.592, 0.23, 0.0, 0.006, 0.08, 0.084, 0.006, 0.002], [0.026, 0.006, 0.652, 0.052, 0.004, 0.0, 0.182, 0.078], [0.758, 0.106, 0.008, 0.008, 0.034, 0.062, 0.018, 0.006], [0.09, 0.766, 0.002, 0.002, 0.072, 0.068, 0.0, 0.0], [0.016, 0.004, 0.016, 0.024, 0.01, 0.006, 0.012, 0.912], [0.002, 0.0, 0.022, 0.928, 0.0, 0.002, 0.044, 0.002], [0.028, 0.018, 0.046, 0.036, 0.008, 0.006, 0.806, 0.052], [0.192, 0.526, 0.0, 0.0, 0.09, 0.19, 0.0, 0.002], [0.862, 0.052, 0.004, 0.008, 0.044, 0.026, 0.004, 0.0], [0.006, 0.006, 0.108, 0.536, 0.0, 0.002, 0.332, 0.01], [0.07, 0.344, 0.016, 0.02, 0.3, 0.234, 0.01, 0.006], [0.006, 0.002, 0.722, 0.088, 0.0, 0.002, 0.092, 0.088], [0.0, 0.0, 0.034, 0.946, 0.0, 0.0, 0.02, 0.0], [0.03, 0.584, 0.014, 0.01, 0.27, 0.08, 0.002, 0.01], [0.772, 0.058, 0.004, 0.016, 0.048, 0.078, 0.008, 0.016], [0.796, 0.058, 0.0, 0.008, 0.062, 0.074, 0.0, 0.002], [0.08, 0.226, 0.002, 0.004, 0.642, 0.04, 0.0, 0.006], [0.8, 0.048, 0.0, 0.0, 0.086, 0.062, 0.002, 0.002], [0.006, 0.006, 0.804, 0.048, 0.004, 0.0, 0.108, 0.024], [0.012, 0.012, 0.072, 0.02, 0.006, 0.012, 0.11, 0.756], [0.024, 0.004, 0.036, 0.086, 0.006, 0.004, 0.758, 0.082], [0.06, 0.812, 0.002, 0.002, 0.07, 0.048, 0.0, 0.006], [0.12, 0.13, 0.002, 0.008, 0.032, 0.674, 0.016, 0.018], [0.01, 0.002, 0.828, 0.05, 0.0, 0.006, 0.084, 0.02], [0.006, 0.014, 0.026, 0.064, 0.0, 0.004, 0.03, 0.856], [0.05, 0.068, 0.002, 0.002, 0.806, 0.062, 0.002, 0.008], [0.132, 0.598, 0.01, 0.004, 0.132, 0.048, 0.01, 0.066], [0.0, 0.0, 0.916, 0.034, 0.0, 0.0, 0.046, 0.004], [0.054, 0.202, 0.01, 0.012, 0.52, 0.15, 0.006, 0.046], [0.008, 0.0, 0.846, 0.09, 0.0, 0.0, 0.05, 0.006], [0.01, 0.014, 0.0, 0.0, 0.068, 0.902, 0.004, 0.002], [0.246, 0.544, 0.002, 0.006, 0.1, 0.07, 0.01, 0.022], [0.002, 0.002, 0.332, 0.042, 0.002, 0.004, 0.592, 0.024], [0.02, 0.042, 0.0, 0.0, 0.064, 0.868, 0.002, 0.004], [0.014, 0.006, 0.002, 0.002, 0.922, 0.054, 0.0, 0.0], [0.06, 0.81, 0.002, 0.004, 0.078, 0.008, 0.0, 0.038], [0.004, 0.006, 0.088, 0.08, 0.002, 0.008, 0.774, 0.038], [0.946, 0.026, 0.002, 0.0, 0.008, 0.012, 0.002, 0.004], [0.138, 0.766, 0.02, 0.008, 0.036, 0.022, 0.002, 0.008], [0.006, 0.026, 0.096, 0.07, 0.014, 0.002, 0.05, 0.736], [0.01, 0.0, 0.464, 0.072, 0.01, 0.004, 0.368, 0.072], [0.268, 0.128, 0.05, 0.016, 0.414, 0.106, 0.012, 0.006], [0.108, 0.758, 0.006, 0.0, 0.078, 0.044, 0.004, 0.002], [0.752, 0.168, 0.002, 0.008, 0.036, 0.02, 0.006, 0.008], [0.008, 0.0, 0.866, 0.054, 0.002, 0.002, 0.058, 0.01], [0.004, 0.002, 0.002, 0.022, 0.0, 0.0, 0.012, 0.958], [0.07, 0.022, 0.01, 0.014, 0.018, 0.018, 0.034, 0.814], [0.214, 0.61, 0.0, 0.006, 0.096, 0.066, 0.0, 0.008], [0.002, 0.0, 0.018, 0.01, 0.0, 0.0, 0.97, 0.0], [0.122, 0.258, 0.004, 0.002, 0.246, 0.368, 0.0, 0.0], [0.012, 0.052, 0.0, 0.006, 0.13, 0.764, 0.004, 0.032], [0.658, 0.164, 0.026, 0.01, 0.062, 0.046, 0.02, 0.014], [0.0, 0.0, 0.908, 0.034, 0.002, 0.0, 0.052, 0.004], [0.004, 0.004, 0.074, 0.798, 0.006, 0.008, 0.042, 0.064], [0.016, 0.01, 0.224, 0.55, 0.002, 0.002, 0.162, 0.034], [0.19, 0.1, 0.004, 0.0, 0.502, 0.174, 0.004, 0.026], [0.008, 0.002, 0.664, 0.164, 0.002, 0.0, 0.144, 0.016], [0.066, 0.102, 0.0, 0.004, 0.064, 0.736, 0.0, 0.028], [0.052, 0.024, 0.008, 0.006, 0.026, 0.016, 0.012, 0.856], [0.074, 0.816, 0.0, 0.0, 0.072, 0.028, 0.002, 0.008], [0.018, 0.01, 0.084, 0.048, 0.024, 0.006, 0.068, 0.742], [0.006, 0.016, 0.632, 0.042, 0.002, 0.004, 0.158, 0.14], [0.0, 0.0, 0.044, 0.022, 0.002, 0.0, 0.918, 0.014], [0.108, 0.642, 0.016, 0.038, 0.068, 0.022, 0.002, 0.104], [0.012, 0.004, 0.07, 0.716, 0.0, 0.002, 0.194, 0.002], [0.014, 0.0, 0.712, 0.118, 0.006, 0.006, 0.124, 0.02], [0.016, 0.036, 0.004, 0.008, 0.902, 0.026, 0.002, 0.006], [0.002, 0.0, 0.094, 0.032, 0.0, 0.0, 0.864, 0.008], [0.012, 0.004, 0.058, 0.102, 0.006, 0.002, 0.792, 0.024], [0.096, 0.814, 0.006, 0.004, 0.026, 0.03, 0.002, 0.022], [0.022, 0.008, 0.034, 0.53, 0.004, 0.01, 0.126, 0.266], [0.002, 0.002, 0.018, 0.958, 0.0, 0.004, 0.016, 0.0], [0.004, 0.006, 0.128, 0.724, 0.0, 0.0, 0.128, 0.01], [0.136, 0.038, 0.028, 0.03, 0.68, 0.05, 0.024, 0.014], [0.012, 0.014, 0.002, 0.0, 0.168, 0.804, 0.0, 0.0], [0.008, 0.012, 0.842, 0.056, 0.0, 0.002, 0.06, 0.02], [0.004, 0.004, 0.074, 0.172, 0.008, 0.014, 0.672, 0.052], [0.002, 0.002, 0.114, 0.66, 0.0, 0.0, 0.22, 0.002], [0.1, 0.596, 0.034, 0.03, 0.09, 0.052, 0.036, 0.062], [0.004, 0.004, 0.048, 0.112, 0.004, 0.004, 0.804, 0.02], [0.004, 0.0, 0.932, 0.024, 0.0, 0.0, 0.036, 0.004], [0.672, 0.144, 0.026, 0.032, 0.068, 0.03, 0.014, 0.014], [0.008, 0.002, 0.074, 0.142, 0.004, 0.006, 0.718, 0.046], [0.2, 0.106, 0.018, 0.022, 0.526, 0.11, 0.004, 0.014], [0.002, 0.006, 0.836, 0.028, 0.0, 0.002, 0.09, 0.036], [0.008, 0.004, 0.022, 0.084, 0.01, 0.01, 0.058, 0.804], [0.698, 0.17, 0.036, 0.01, 0.036, 0.018, 0.02, 0.012], [0.594, 0.164, 0.0, 0.022, 0.048, 0.124, 0.016, 0.032], [0.152, 0.046, 0.032, 0.082, 0.024, 0.08, 0.076, 0.508], [0.068, 0.174, 0.002, 0.004, 0.544, 0.186, 0.004, 0.018], [0.01, 0.004, 0.072, 0.046, 0.004, 0.002, 0.804, 0.058], [0.604, 0.166, 0.002, 0.006, 0.054, 0.15, 0.008, 0.01], [0.002, 0.004, 0.018, 0.026, 0.0, 0.002, 0.026, 0.922], [0.756, 0.074, 0.0, 0.006, 0.05, 0.084, 0.0, 0.03], [0.754, 0.05, 0.002, 0.0, 0.136, 0.044, 0.0, 0.014], [0.002, 0.0, 0.536, 0.052, 0.0, 0.002, 0.398, 0.01], [0.012, 0.016, 0.05, 0.018, 0.006, 0.0, 0.058, 0.84], [0.036, 0.044, 0.002, 0.0, 0.052, 0.866, 0.0, 0.0], [0.0, 0.0, 0.254, 0.134, 0.0, 0.0, 0.606, 0.006], [0.012, 0.014, 0.742, 0.02, 0.012, 0.008, 0.048, 0.144], [0.062, 0.06, 0.004, 0.0, 0.154, 0.68, 0.0, 0.04], [0.804, 0.044, 0.014, 0.004, 0.092, 0.024, 0.008, 0.01], [0.004, 0.002, 0.888, 0.026, 0.0, 0.002, 0.074, 0.004], [0.108, 0.088, 0.0, 0.002, 0.682, 0.11, 0.0, 0.01], [0.076, 0.554, 0.014, 0.024, 0.12, 0.198, 0.008, 0.006], [0.012, 0.01, 0.022, 0.034, 0.012, 0.018, 0.016, 0.876], [0.0, 0.002, 0.872, 0.04, 0.0, 0.0, 0.078, 0.008], [0.004, 0.002, 0.766, 0.06, 0.002, 0.0, 0.144, 0.022], [0.006, 0.006, 0.68, 0.04, 0.0, 0.004, 0.202, 0.062], [0.002, 0.004, 0.106, 0.028, 0.0, 0.002, 0.85, 0.008], [0.008, 0.006, 0.75, 0.044, 0.002, 0.002, 0.12, 0.068], [0.008, 0.014, 0.22, 0.552, 0.03, 0.018, 0.114, 0.044], [0.074, 0.022, 0.0, 0.0, 0.752, 0.132, 0.0, 0.02], [0.012, 0.03, 0.074, 0.084, 0.0, 0.002, 0.664, 0.134], [0.004, 0.002, 0.036, 0.684, 0.0, 0.0, 0.266, 0.008], [0.008, 0.002, 0.012, 0.024, 0.004, 0.006, 0.02, 0.924], [0.04, 0.056, 0.002, 0.0, 0.854, 0.042, 0.004, 0.002], [0.082, 0.11, 0.0, 0.0, 0.118, 0.656, 0.002, 0.032], [0.008, 0.0, 0.178, 0.042, 0.002, 0.004, 0.734, 0.032], [0.63, 0.17, 0.008, 0.008, 0.112, 0.048, 0.0, 0.024], [0.012, 0.002, 0.052, 0.814, 0.004, 0.002, 0.106, 0.008], [0.136, 0.156, 0.002, 0.004, 0.55, 0.148, 0.0, 0.004], [0.02, 0.02, 0.0, 0.004, 0.922, 0.03, 0.0, 0.004], [0.03, 0.084, 0.0, 0.002, 0.098, 0.784, 0.0, 0.002], [0.582, 0.354, 0.002, 0.004, 0.016, 0.024, 0.008, 0.01], [0.004, 0.002, 0.678, 0.164, 0.002, 0.0, 0.128, 0.022], [0.03, 0.082, 0.0, 0.004, 0.208, 0.648, 0.002, 0.026], [0.004, 0.0, 0.028, 0.952, 0.0, 0.0, 0.012, 0.004], [0.14, 0.07, 0.054, 0.018, 0.582, 0.116, 0.008, 0.012], [0.048, 0.04, 0.0, 0.006, 0.536, 0.36, 0.006, 0.004], [0.058, 0.03, 0.016, 0.018, 0.752, 0.114, 0.006, 0.006], [0.014, 0.044, 0.002, 0.012, 0.828, 0.098, 0.0, 0.002], [0.204, 0.138, 0.004, 0.004, 0.514, 0.116, 0.01, 0.01]], "computation-time": 289.15676259994507, "max-memory-usage": 42685424}