{"auroc": 0.9998527045702608, "aupr": 0.9989925102234356, "y": [0, 3, 4, 0, 1, 7, 0, 6, 1, 3, 6, 3, 6, 5, 5, 1, 2, 1, 5, 6, 7, 1, 4, 2, 7, 2, 3, 2, 4, 0, 6, 5, 0, 5, 4, 4, 0, 7, 1, 4, 4, 1, 2, 6, 5, 6, 3, 6, 1, 2, 7, 3, 3, 5, 5, 5, 5, 2, 3, 3, 1, 7, 0, 4, 7, 6, 1, 0, 2, 3, 7, 1, 3, 2, 2, 7, 4, 0, 2, 6, 4, 2, 7, 1, 4, 6, 7, 0, 4, 3, 4, 7, 5, 6, 5, 0, 0, 6, 2, 7, 6, 6, 1, 5, 2, 2, 7, 6, 3, 0, 7, 3, 5, 2, 3, 1, 6, 0, 4, 1, 6, 2, 3, 2, 6, 1, 0, 7, 0, 4, 4, 5, 4, 2, 7, 0, 4, 2, 7, 4, 0, 2, 6, 4, 3, 1, 5, 7, 3, 3, 7, 6, 4, 4, 3, 6, 7, 7, 4, 2, 0, 3, 0, 3, 1, 1, 6, 7, 3, 4, 4, 7, 7, 3, 6, 6, 0, 0, 2, 1, 7, 0, 4, 2, 0, 3, 4, 1, 2, 3, 6, 0, 2, 0, 1, 7, 3, 6, 1, 0, 3, 1, 2, 3, 1, 0, 0, 4, 0, 2, 7, 6, 1, 5, 2, 7, 4, 1, 2, 4, 2, 5, 1, 6, 5, 4, 1, 6, 0, 1, 7, 2, 4, 1, 0, 2, 7, 7, 1, 6, 5, 5, 0, 2, 3, 3, 4, 2, 5, 7, 1, 7, 2, 6, 1, 3, 2, 4, 6, 6, 1, 3, 3, 3, 4, 5, 2, 6, 3, 1, 6, 2, 0, 6, 4, 2, 7, 0, 0, 7, 4, 6, 0, 7, 0, 0, 6, 7, 5, 6, 2, 5, 0, 2, 4, 1, 7, 2, 2, 2, 6, 2, 3, 4, 6, 3, 7, 4, 5, 6, 0, 3, 4, 4, 5, 0, 2, 5, 3, 4, 4, 4, 4, 4], "y-hat": [[0.582, 0.282, 0.006, 0.008, 0.044, 0.03, 0.004, 0.044], [0.008, 0.01, 0.056, 0.864, 0.0, 0.002, 0.054, 0.006], [0.082, 0.138, 0.038, 0.048, 0.52, 0.078, 0.0, 0.096], [0.966, 0.01, 0.0, 0.004, 0.006, 0.006, 0.004, 0.004], [0.028, 0.83, 0.008, 0.004, 0.092, 0.03, 0.006, 0.002], [0.016, 0.006, 0.052, 0.024, 0.004, 0.012, 0.116, 0.77], [0.69, 0.218, 0.006, 0.0, 0.032, 0.052, 0.002, 0.0], [0.0, 0.002, 0.016, 0.014, 0.0, 0.0, 0.942, 0.026], [0.13, 0.476, 0.056, 0.044, 0.1, 0.066, 0.048, 0.08], [0.006, 0.0, 0.056, 0.886, 0.0, 0.0, 0.052, 0.0], [0.006, 0.012, 0.18, 0.052, 0.002, 0.004, 0.6, 0.144], [0.018, 0.008, 0.174, 0.62, 0.002, 0.004, 0.03, 0.144], [0.016, 0.012, 0.044, 0.068, 0.0, 0.008, 0.72, 0.132], [0.068, 0.03, 0.018, 0.018, 0.12, 0.616, 0.008, 0.122], [0.136, 0.152, 0.0, 0.004, 0.064, 0.62, 0.004, 0.02], [0.062, 0.8, 0.0, 0.0, 0.098, 0.028, 0.0, 0.012], [0.002, 0.0, 0.512, 0.024, 0.0, 0.002, 0.368, 0.092], [0.156, 0.688, 0.002, 0.038, 0.032, 0.034, 0.006, 0.044], [0.024, 0.026, 0.0, 0.0, 0.048, 0.896, 0.0, 0.006], [0.012, 0.012, 0.09, 0.176, 0.002, 0.006, 0.678, 0.024], [0.122, 0.034, 0.064, 0.028, 0.08, 0.054, 0.01, 0.608], [0.182, 0.6, 0.012, 0.006, 0.104, 0.066, 0.006, 0.024], [0.1, 0.206, 0.002, 0.002, 0.544, 0.128, 0.0, 0.018], [0.064, 0.048, 0.67, 0.026, 0.02, 0.07, 0.046, 0.056], [0.042, 0.006, 0.064, 0.046, 0.012, 0.008, 0.018, 0.804], [0.0, 0.0, 0.816, 0.126, 0.0, 0.0, 0.044, 0.014], [0.004, 0.0, 0.036, 0.88, 0.0, 0.0, 0.07, 0.01], [0.014, 0.012, 0.808, 0.026, 0.002, 0.014, 0.084, 0.04], [0.134, 0.138, 0.002, 0.0, 0.644, 0.066, 0.006, 0.01], [0.726, 0.088, 0.002, 0.004, 0.058, 0.11, 0.006, 0.006], [0.0, 0.002, 0.066, 0.03, 0.0, 0.002, 0.884, 0.016], [0.084, 0.132, 0.004, 0.004, 0.146, 0.622, 0.002, 0.006], [0.794, 0.06, 0.0, 0.006, 0.054, 0.056, 0.008, 0.022], [0.05, 0.176, 0.01, 0.012, 0.056, 0.612, 0.018, 0.066], [0.126, 0.108, 0.0, 0.0, 0.708, 0.05, 0.0, 0.008], [0.166, 0.156, 0.002, 0.0, 0.6, 0.074, 0.002, 0.0], [0.53, 0.27, 0.01, 0.012, 0.106, 0.046, 0.002, 0.024], [0.012, 0.026, 0.116, 0.076, 0.014, 0.014, 0.024, 0.718], [0.148, 0.756, 0.006, 0.01, 0.026, 0.028, 0.004, 0.022], [0.12, 0.076, 0.01, 0.01, 0.396, 0.354, 0.004, 0.03], [0.006, 0.016, 0.0, 0.0, 0.964, 0.014, 0.0, 0.0], [0.104, 0.45, 0.0, 0.002, 0.286, 0.15, 0.0, 0.008], [0.002, 0.0, 0.648, 0.242, 0.0, 0.0, 0.078, 0.03], [0.004, 0.008, 0.068, 0.02, 0.0, 0.0, 0.882, 0.018], [0.02, 0.04, 0.0, 0.0, 0.13, 0.806, 0.002, 0.002], [0.008, 0.002, 0.3, 0.084, 0.0, 0.002, 0.58, 0.024], [0.004, 0.006, 0.044, 0.766, 0.0, 0.002, 0.064, 0.114], [0.016, 0.002, 0.086, 0.37, 0.002, 0.006, 0.404, 0.114], [0.2, 0.532, 0.004, 0.004, 0.154, 0.084, 0.006, 0.016], [0.03, 0.016, 0.77, 0.054, 0.01, 0.016, 0.04, 0.064], [0.032, 0.06, 0.026, 0.018, 0.012, 0.074, 0.034, 0.744], [0.002, 0.006, 0.132, 0.54, 0.002, 0.0, 0.294, 0.024], [0.024, 0.014, 0.16, 0.716, 0.004, 0.004, 0.026, 0.052], [0.114, 0.134, 0.028, 0.008, 0.062, 0.618, 0.012, 0.024], [0.068, 0.064, 0.0, 0.0, 0.116, 0.748, 0.0, 0.004], [0.128, 0.066, 0.014, 0.012, 0.058, 0.678, 0.018, 0.026], [0.242, 0.07, 0.002, 0.01, 0.042, 0.614, 0.004, 0.016], [0.008, 0.004, 0.902, 0.026, 0.004, 0.0, 0.034, 0.022], [0.004, 0.002, 0.022, 0.866, 0.0, 0.006, 0.084, 0.016], [0.016, 0.008, 0.132, 0.67, 0.004, 0.006, 0.098, 0.066], [0.214, 0.606, 0.0, 0.0, 0.09, 0.08, 0.0, 0.01], [0.0, 0.0, 0.03, 0.094, 0.0, 0.002, 0.018, 0.856], [0.73, 0.124, 0.028, 0.018, 0.04, 0.018, 0.012, 0.03], [0.26, 0.154, 0.0, 0.004, 0.54, 0.034, 0.002, 0.006], [0.01, 0.026, 0.044, 0.028, 0.006, 0.01, 0.132, 0.744], [0.01, 0.006, 0.106, 0.098, 0.002, 0.0, 0.588, 0.19], [0.124, 0.676, 0.012, 0.004, 0.09, 0.058, 0.004, 0.032], [0.508, 0.31, 0.014, 0.01, 0.082, 0.048, 0.0, 0.028], [0.004, 0.006, 0.744, 0.062, 0.004, 0.01, 0.042, 0.128], [0.002, 0.006, 0.048, 0.878, 0.0, 0.004, 0.036, 0.026], [0.008, 0.004, 0.024, 0.074, 0.01, 0.02, 0.032, 0.828], [0.15, 0.558, 0.02, 0.012, 0.078, 0.126, 0.016, 0.04], [0.044, 0.026, 0.3, 0.318, 0.006, 0.004, 0.146, 0.156], [0.024, 0.038, 0.694, 0.174, 0.016, 0.01, 0.004, 0.04], [0.002, 0.002, 0.834, 0.074, 0.0, 0.002, 0.076, 0.01], [0.044, 0.026, 0.032, 0.038, 0.016, 0.028, 0.024, 0.792], [0.062, 0.066, 0.0, 0.004, 0.832, 0.036, 0.0, 0.0], [0.766, 0.076, 0.008, 0.01, 0.022, 0.104, 0.008, 0.006], [0.0, 0.0, 0.918, 0.016, 0.0, 0.0, 0.054, 0.012], [0.006, 0.0, 0.088, 0.15, 0.0, 0.004, 0.696, 0.056], [0.244, 0.37, 0.002, 0.0, 0.326, 0.052, 0.0, 0.006], [0.014, 0.02, 0.594, 0.05, 0.008, 0.006, 0.26, 0.048], [0.006, 0.016, 0.006, 0.03, 0.012, 0.02, 0.016, 0.894], [0.17, 0.67, 0.008, 0.004, 0.074, 0.06, 0.006, 0.008], [0.058, 0.036, 0.002, 0.0, 0.846, 0.054, 0.0, 0.004], [0.004, 0.0, 0.172, 0.04, 0.0, 0.006, 0.758, 0.02], [0.02, 0.024, 0.212, 0.074, 0.016, 0.0, 0.046, 0.608], [0.422, 0.036, 0.002, 0.0, 0.43, 0.092, 0.0, 0.018], [0.118, 0.072, 0.028, 0.002, 0.472, 0.292, 0.01, 0.006], [0.008, 0.0, 0.048, 0.854, 0.0, 0.0, 0.064, 0.026], [0.224, 0.136, 0.0, 0.0, 0.424, 0.184, 0.002, 0.03], [0.006, 0.01, 0.05, 0.024, 0.004, 0.004, 0.052, 0.85], [0.082, 0.026, 0.02, 0.006, 0.21, 0.63, 0.002, 0.024], [0.008, 0.008, 0.114, 0.226, 0.0, 0.0, 0.624, 0.02], [0.062, 0.074, 0.006, 0.0, 0.202, 0.648, 0.002, 0.006], [0.788, 0.11, 0.0, 0.004, 0.026, 0.05, 0.01, 0.012], [0.768, 0.066, 0.008, 0.004, 0.064, 0.07, 0.006, 0.014], [0.0, 0.0, 0.214, 0.064, 0.0, 0.0, 0.662, 0.06], [0.002, 0.002, 0.596, 0.084, 0.0, 0.002, 0.134, 0.18], [0.166, 0.086, 0.046, 0.084, 0.032, 0.088, 0.082, 0.416], [0.006, 0.0, 0.23, 0.042, 0.0, 0.004, 0.702, 0.016], [0.004, 0.002, 0.188, 0.02, 0.0, 0.002, 0.772, 0.012], [0.056, 0.368, 0.0, 0.002, 0.358, 0.21, 0.0, 0.006], [0.182, 0.102, 0.008, 0.002, 0.23, 0.454, 0.006, 0.016], [0.006, 0.012, 0.6, 0.04, 0.002, 0.008, 0.124, 0.208], [0.006, 0.002, 0.914, 0.022, 0.0, 0.0, 0.052, 0.004], [0.006, 0.008, 0.012, 0.036, 0.0, 0.004, 0.048, 0.886], [0.002, 0.0, 0.012, 0.006, 0.0, 0.002, 0.942, 0.036], [0.01, 0.008, 0.04, 0.694, 0.002, 0.002, 0.232, 0.012], [0.384, 0.326, 0.006, 0.0, 0.206, 0.072, 0.002, 0.004], [0.01, 0.01, 0.026, 0.086, 0.006, 0.014, 0.018, 0.83], [0.012, 0.004, 0.042, 0.674, 0.002, 0.002, 0.226, 0.038], [0.092, 0.056, 0.0, 0.0, 0.09, 0.742, 0.006, 0.014], [0.002, 0.002, 0.886, 0.016, 0.002, 0.008, 0.052, 0.032], [0.006, 0.008, 0.174, 0.67, 0.0, 0.0, 0.116, 0.026], [0.102, 0.644, 0.004, 0.002, 0.094, 0.088, 0.016, 0.05], [0.002, 0.002, 0.008, 0.022, 0.0, 0.004, 0.856, 0.106], [0.922, 0.028, 0.002, 0.004, 0.01, 0.024, 0.008, 0.002], [0.164, 0.074, 0.018, 0.012, 0.592, 0.126, 0.002, 0.012], [0.056, 0.604, 0.008, 0.014, 0.266, 0.04, 0.0, 0.012], [0.008, 0.002, 0.046, 0.054, 0.0, 0.0, 0.822, 0.068], [0.01, 0.002, 0.74, 0.084, 0.0, 0.004, 0.104, 0.056], [0.0, 0.0, 0.038, 0.928, 0.0, 0.0, 0.014, 0.02], [0.002, 0.0, 0.846, 0.038, 0.0, 0.002, 0.076, 0.036], [0.0, 0.008, 0.046, 0.072, 0.0, 0.0, 0.756, 0.118], [0.188, 0.64, 0.002, 0.002, 0.11, 0.054, 0.002, 0.002], [0.462, 0.314, 0.0, 0.008, 0.058, 0.126, 0.014, 0.018], [0.02, 0.014, 0.07, 0.126, 0.006, 0.002, 0.096, 0.666], [0.736, 0.044, 0.002, 0.0, 0.164, 0.042, 0.002, 0.01], [0.166, 0.132, 0.03, 0.002, 0.492, 0.166, 0.006, 0.006], [0.08, 0.032, 0.0, 0.002, 0.662, 0.196, 0.002, 0.026], [0.044, 0.06, 0.006, 0.008, 0.136, 0.628, 0.008, 0.11], [0.086, 0.06, 0.002, 0.002, 0.652, 0.192, 0.0, 0.006], [0.006, 0.002, 0.84, 0.042, 0.0, 0.0, 0.098, 0.012], [0.026, 0.01, 0.122, 0.03, 0.01, 0.014, 0.078, 0.71], [0.688, 0.09, 0.0, 0.002, 0.1, 0.074, 0.014, 0.032], [0.044, 0.034, 0.006, 0.006, 0.784, 0.122, 0.002, 0.002], [0.0, 0.002, 0.916, 0.042, 0.0, 0.002, 0.022, 0.016], [0.032, 0.014, 0.052, 0.026, 0.008, 0.018, 0.17, 0.68], [0.02, 0.028, 0.0, 0.002, 0.928, 0.022, 0.0, 0.0], [0.78, 0.036, 0.002, 0.0, 0.104, 0.03, 0.02, 0.028], [0.044, 0.016, 0.496, 0.278, 0.012, 0.014, 0.092, 0.048], [0.0, 0.0, 0.048, 0.016, 0.0, 0.0, 0.928, 0.008], [0.036, 0.034, 0.01, 0.002, 0.832, 0.072, 0.0, 0.014], [0.0, 0.002, 0.108, 0.6, 0.0, 0.0, 0.264, 0.026], [0.116, 0.646, 0.016, 0.012, 0.12, 0.062, 0.002, 0.026], [0.068, 0.04, 0.02, 0.014, 0.11, 0.672, 0.016, 0.06], [0.16, 0.07, 0.048, 0.088, 0.036, 0.078, 0.078, 0.442], [0.05, 0.016, 0.046, 0.724, 0.008, 0.014, 0.09, 0.052], [0.016, 0.026, 0.076, 0.76, 0.012, 0.016, 0.024, 0.07], [0.012, 0.008, 0.06, 0.08, 0.016, 0.004, 0.108, 0.712], [0.004, 0.004, 0.062, 0.088, 0.0, 0.002, 0.724, 0.116], [0.246, 0.25, 0.004, 0.004, 0.464, 0.024, 0.0, 0.008], [0.094, 0.172, 0.0, 0.004, 0.648, 0.066, 0.0, 0.016], [0.006, 0.002, 0.048, 0.904, 0.002, 0.0, 0.026, 0.012], [0.002, 0.0, 0.114, 0.176, 0.004, 0.004, 0.596, 0.104], [0.008, 0.008, 0.01, 0.04, 0.006, 0.012, 0.012, 0.904], [0.056, 0.048, 0.012, 0.016, 0.04, 0.084, 0.016, 0.728], [0.068, 0.028, 0.0, 0.0, 0.874, 0.02, 0.002, 0.008], [0.004, 0.0, 0.642, 0.032, 0.0, 0.0, 0.284, 0.038], [0.838, 0.048, 0.01, 0.004, 0.018, 0.076, 0.002, 0.004], [0.022, 0.004, 0.038, 0.89, 0.002, 0.0, 0.038, 0.006], [0.802, 0.074, 0.01, 0.018, 0.014, 0.042, 0.018, 0.022], [0.0, 0.002, 0.126, 0.722, 0.0, 0.0, 0.136, 0.014], [0.1, 0.83, 0.002, 0.004, 0.034, 0.03, 0.0, 0.0], [0.146, 0.588, 0.032, 0.004, 0.078, 0.112, 0.016, 0.024], [0.004, 0.004, 0.094, 0.232, 0.002, 0.002, 0.534, 0.128], [0.056, 0.016, 0.004, 0.008, 0.026, 0.044, 0.022, 0.824], [0.004, 0.002, 0.01, 0.968, 0.0, 0.0, 0.012, 0.004], [0.1, 0.052, 0.0, 0.0, 0.77, 0.076, 0.0, 0.002], [0.012, 0.022, 0.004, 0.0, 0.936, 0.024, 0.0, 0.002], [0.004, 0.0, 0.012, 0.008, 0.0, 0.002, 0.046, 0.928], [0.014, 0.034, 0.058, 0.014, 0.03, 0.016, 0.108, 0.726], [0.006, 0.012, 0.088, 0.712, 0.002, 0.008, 0.138, 0.034], [0.01, 0.01, 0.1, 0.104, 0.002, 0.016, 0.514, 0.244], [0.004, 0.002, 0.042, 0.034, 0.0, 0.002, 0.84, 0.076], [0.752, 0.084, 0.0, 0.008, 0.068, 0.054, 0.01, 0.024], [0.826, 0.072, 0.004, 0.012, 0.018, 0.044, 0.01, 0.014], [0.01, 0.004, 0.818, 0.054, 0.002, 0.0, 0.062, 0.05], [0.152, 0.282, 0.096, 0.03, 0.204, 0.172, 0.01, 0.054], [0.008, 0.006, 0.006, 0.048, 0.006, 0.012, 0.016, 0.898], [0.818, 0.072, 0.016, 0.018, 0.034, 0.03, 0.004, 0.008], [0.186, 0.246, 0.0, 0.002, 0.484, 0.056, 0.004, 0.022], [0.002, 0.002, 0.486, 0.042, 0.0, 0.006, 0.384, 0.078], [0.816, 0.046, 0.018, 0.01, 0.012, 0.076, 0.006, 0.016], [0.01, 0.008, 0.074, 0.824, 0.0, 0.004, 0.066, 0.014], [0.02, 0.048, 0.0, 0.002, 0.572, 0.348, 0.002, 0.008], [0.076, 0.636, 0.0, 0.0, 0.206, 0.082, 0.0, 0.0], [0.002, 0.0, 0.926, 0.036, 0.0, 0.0, 0.032, 0.004], [0.006, 0.008, 0.08, 0.566, 0.002, 0.006, 0.1, 0.232], [0.008, 0.002, 0.446, 0.102, 0.0, 0.0, 0.422, 0.02], [0.532, 0.228, 0.004, 0.008, 0.084, 0.136, 0.006, 0.002], [0.01, 0.006, 0.716, 0.064, 0.002, 0.006, 0.13, 0.066], [0.734, 0.14, 0.01, 0.008, 0.034, 0.066, 0.006, 0.002], [0.088, 0.792, 0.002, 0.002, 0.072, 0.044, 0.0, 0.0], [0.022, 0.012, 0.016, 0.07, 0.004, 0.02, 0.012, 0.844], [0.0, 0.006, 0.028, 0.916, 0.0, 0.0, 0.044, 0.006], [0.02, 0.012, 0.074, 0.04, 0.004, 0.006, 0.792, 0.052], [0.278, 0.504, 0.002, 0.0, 0.058, 0.158, 0.0, 0.0], [0.848, 0.08, 0.0, 0.002, 0.032, 0.032, 0.002, 0.004], [0.012, 0.002, 0.136, 0.628, 0.0, 0.0, 0.192, 0.03], [0.094, 0.378, 0.024, 0.004, 0.236, 0.244, 0.002, 0.018], [0.0, 0.0, 0.884, 0.038, 0.0, 0.0, 0.062, 0.016], [0.0, 0.002, 0.01, 0.956, 0.002, 0.0, 0.028, 0.002], [0.024, 0.636, 0.016, 0.032, 0.258, 0.03, 0.0, 0.004], [0.63, 0.112, 0.016, 0.016, 0.082, 0.122, 0.004, 0.018], [0.84, 0.052, 0.004, 0.002, 0.032, 0.06, 0.002, 0.008], [0.156, 0.182, 0.004, 0.002, 0.59, 0.052, 0.002, 0.012], [0.878, 0.042, 0.0, 0.0, 0.038, 0.038, 0.0, 0.004], [0.01, 0.006, 0.878, 0.026, 0.0, 0.002, 0.066, 0.012], [0.002, 0.004, 0.03, 0.036, 0.002, 0.006, 0.076, 0.844], [0.0, 0.004, 0.01, 0.08, 0.0, 0.002, 0.786, 0.118], [0.09, 0.758, 0.002, 0.004, 0.082, 0.062, 0.0, 0.002], [0.134, 0.126, 0.004, 0.01, 0.042, 0.652, 0.008, 0.024], [0.006, 0.002, 0.798, 0.07, 0.0, 0.0, 0.084, 0.04], [0.0, 0.004, 0.036, 0.012, 0.002, 0.002, 0.08, 0.864], [0.08, 0.068, 0.002, 0.004, 0.796, 0.05, 0.0, 0.0], [0.16, 0.528, 0.014, 0.006, 0.096, 0.116, 0.018, 0.062], [0.004, 0.0, 0.87, 0.078, 0.0, 0.0, 0.034, 0.014], [0.058, 0.19, 0.038, 0.024, 0.544, 0.08, 0.008, 0.058], [0.002, 0.002, 0.874, 0.078, 0.0, 0.0, 0.038, 0.006], [0.022, 0.016, 0.0, 0.0, 0.078, 0.884, 0.0, 0.0], [0.234, 0.516, 0.004, 0.006, 0.078, 0.098, 0.02, 0.044], [0.0, 0.0, 0.184, 0.026, 0.0, 0.002, 0.734, 0.054], [0.062, 0.058, 0.0, 0.002, 0.11, 0.756, 0.002, 0.01], [0.012, 0.004, 0.0, 0.0, 0.95, 0.034, 0.0, 0.0], [0.078, 0.724, 0.006, 0.004, 0.094, 0.042, 0.008, 0.044], [0.004, 0.002, 0.146, 0.114, 0.0, 0.004, 0.676, 0.054], [0.932, 0.036, 0.0, 0.002, 0.012, 0.016, 0.0, 0.002], [0.176, 0.76, 0.016, 0.012, 0.016, 0.014, 0.002, 0.004], [0.004, 0.006, 0.052, 0.094, 0.012, 0.004, 0.096, 0.732], [0.004, 0.002, 0.542, 0.036, 0.0, 0.004, 0.35, 0.062], [0.182, 0.158, 0.024, 0.002, 0.394, 0.234, 0.002, 0.004], [0.108, 0.788, 0.004, 0.0, 0.052, 0.042, 0.004, 0.002], [0.858, 0.07, 0.004, 0.004, 0.032, 0.018, 0.004, 0.01], [0.004, 0.0, 0.892, 0.022, 0.0, 0.0, 0.062, 0.02], [0.002, 0.004, 0.024, 0.016, 0.0, 0.006, 0.022, 0.926], [0.05, 0.02, 0.008, 0.012, 0.01, 0.046, 0.032, 0.822], [0.196, 0.602, 0.0, 0.01, 0.118, 0.058, 0.002, 0.014], [0.0, 0.002, 0.04, 0.012, 0.0, 0.002, 0.91, 0.034], [0.13, 0.226, 0.0, 0.0, 0.196, 0.442, 0.002, 0.004], [0.034, 0.042, 0.01, 0.01, 0.222, 0.63, 0.004, 0.048], [0.614, 0.16, 0.038, 0.006, 0.04, 0.116, 0.016, 0.01], [0.0, 0.0, 0.908, 0.042, 0.0, 0.0, 0.046, 0.004], [0.004, 0.004, 0.082, 0.752, 0.004, 0.014, 0.036, 0.104], [0.028, 0.006, 0.23, 0.512, 0.002, 0.002, 0.124, 0.096], [0.206, 0.1, 0.0, 0.002, 0.5, 0.162, 0.004, 0.026], [0.002, 0.0, 0.694, 0.19, 0.0, 0.0, 0.092, 0.022], [0.09, 0.096, 0.004, 0.006, 0.072, 0.712, 0.006, 0.014], [0.044, 0.048, 0.014, 0.018, 0.022, 0.038, 0.038, 0.778], [0.076, 0.802, 0.0, 0.0, 0.078, 0.038, 0.004, 0.002], [0.008, 0.01, 0.066, 0.1, 0.012, 0.008, 0.086, 0.71], [0.012, 0.016, 0.586, 0.076, 0.004, 0.006, 0.154, 0.146], [0.0, 0.0, 0.064, 0.028, 0.0, 0.0, 0.896, 0.012], [0.142, 0.554, 0.032, 0.036, 0.09, 0.05, 0.018, 0.078], [0.022, 0.002, 0.116, 0.652, 0.0, 0.0, 0.2, 0.008], [0.02, 0.004, 0.658, 0.11, 0.002, 0.004, 0.132, 0.07], [0.01, 0.026, 0.006, 0.004, 0.904, 0.034, 0.0, 0.016], [0.002, 0.0, 0.092, 0.028, 0.0, 0.002, 0.836, 0.04], [0.0, 0.0, 0.022, 0.078, 0.0, 0.004, 0.766, 0.13], [0.116, 0.71, 0.014, 0.008, 0.044, 0.058, 0.012, 0.038], [0.014, 0.002, 0.048, 0.606, 0.006, 0.012, 0.076, 0.236], [0.0, 0.0, 0.018, 0.964, 0.002, 0.0, 0.012, 0.004], [0.004, 0.016, 0.132, 0.692, 0.0, 0.0, 0.134, 0.022], [0.076, 0.046, 0.01, 0.002, 0.706, 0.148, 0.002, 0.01], [0.026, 0.016, 0.004, 0.0, 0.218, 0.732, 0.002, 0.002], [0.002, 0.002, 0.934, 0.024, 0.0, 0.004, 0.018, 0.016], [0.012, 0.006, 0.086, 0.21, 0.004, 0.006, 0.612, 0.064], [0.006, 0.004, 0.132, 0.658, 0.0, 0.002, 0.184, 0.014], [0.096, 0.504, 0.048, 0.024, 0.092, 0.058, 0.078, 0.1], [0.014, 0.016, 0.084, 0.224, 0.004, 0.004, 0.628, 0.026], [0.0, 0.004, 0.894, 0.042, 0.0, 0.002, 0.052, 0.006], [0.636, 0.188, 0.014, 0.004, 0.102, 0.04, 0.006, 0.01], [0.0, 0.004, 0.042, 0.066, 0.0, 0.002, 0.778, 0.108], [0.152, 0.168, 0.036, 0.01, 0.498, 0.126, 0.004, 0.006], [0.0, 0.004, 0.822, 0.036, 0.0, 0.0, 0.086, 0.052], [0.01, 0.006, 0.014, 0.056, 0.006, 0.014, 0.034, 0.86], [0.702, 0.13, 0.03, 0.006, 0.04, 0.054, 0.02, 0.018], [0.514, 0.24, 0.0, 0.016, 0.06, 0.13, 0.024, 0.016], [0.144, 0.056, 0.064, 0.114, 0.038, 0.094, 0.114, 0.376], [0.068, 0.09, 0.0, 0.002, 0.672, 0.132, 0.004, 0.032], [0.002, 0.004, 0.074, 0.022, 0.0, 0.004, 0.834, 0.06], [0.642, 0.16, 0.0, 0.004, 0.04, 0.13, 0.01, 0.014], [0.004, 0.008, 0.036, 0.012, 0.004, 0.002, 0.056, 0.878], [0.722, 0.08, 0.0, 0.0, 0.058, 0.13, 0.0, 0.01], [0.702, 0.052, 0.0, 0.002, 0.188, 0.046, 0.0, 0.01], [0.004, 0.004, 0.286, 0.088, 0.0, 0.006, 0.56, 0.052], [0.006, 0.01, 0.034, 0.05, 0.004, 0.006, 0.088, 0.802], [0.102, 0.054, 0.0, 0.0, 0.088, 0.744, 0.002, 0.01], [0.008, 0.004, 0.166, 0.1, 0.002, 0.002, 0.702, 0.016], [0.004, 0.0, 0.81, 0.04, 0.002, 0.01, 0.044, 0.09], [0.102, 0.056, 0.006, 0.008, 0.142, 0.632, 0.002, 0.052], [0.798, 0.052, 0.008, 0.004, 0.086, 0.038, 0.004, 0.01], [0.0, 0.0, 0.95, 0.01, 0.002, 0.0, 0.034, 0.004], [0.08, 0.084, 0.0, 0.002, 0.672, 0.14, 0.0, 0.022], [0.156, 0.598, 0.002, 0.022, 0.1, 0.114, 0.0, 0.008], [0.008, 0.008, 0.014, 0.024, 0.012, 0.026, 0.042, 0.866], [0.002, 0.002, 0.892, 0.052, 0.002, 0.0, 0.03, 0.02], [0.002, 0.0, 0.754, 0.082, 0.0, 0.002, 0.13, 0.03], [0.01, 0.008, 0.682, 0.06, 0.004, 0.0, 0.156, 0.08], [0.002, 0.0, 0.07, 0.036, 0.0, 0.004, 0.828, 0.06], [0.0, 0.0, 0.86, 0.032, 0.0, 0.002, 0.092, 0.014], [0.022, 0.018, 0.26, 0.468, 0.036, 0.018, 0.036, 0.142], [0.114, 0.03, 0.002, 0.004, 0.676, 0.148, 0.002, 0.024], [0.004, 0.008, 0.018, 0.044, 0.002, 0.006, 0.728, 0.19], [0.004, 0.002, 0.056, 0.656, 0.002, 0.0, 0.254, 0.026], [0.004, 0.002, 0.006, 0.032, 0.004, 0.006, 0.05, 0.896], [0.032, 0.04, 0.0, 0.0, 0.874, 0.052, 0.0, 0.002], [0.086, 0.064, 0.004, 0.006, 0.11, 0.694, 0.01, 0.026], [0.008, 0.002, 0.098, 0.052, 0.0, 0.002, 0.778, 0.06], [0.63, 0.21, 0.004, 0.01, 0.072, 0.05, 0.004, 0.02], [0.01, 0.004, 0.078, 0.804, 0.0, 0.004, 0.07, 0.03], [0.138, 0.126, 0.0, 0.0, 0.638, 0.09, 0.002, 0.006], [0.014, 0.006, 0.0, 0.0, 0.97, 0.008, 0.002, 0.0], [0.056, 0.084, 0.0, 0.0, 0.152, 0.706, 0.0, 0.002], [0.56, 0.37, 0.006, 0.002, 0.022, 0.03, 0.008, 0.002], [0.0, 0.0, 0.738, 0.144, 0.0, 0.0, 0.104, 0.014], [0.054, 0.06, 0.006, 0.004, 0.298, 0.522, 0.012, 0.044], [0.0, 0.002, 0.036, 0.936, 0.0, 0.0, 0.026, 0.0], [0.106, 0.1, 0.03, 0.006, 0.512, 0.232, 0.008, 0.006], [0.026, 0.044, 0.0, 0.0, 0.576, 0.34, 0.004, 0.01], [0.044, 0.04, 0.012, 0.01, 0.726, 0.162, 0.006, 0.0], [0.018, 0.056, 0.008, 0.0, 0.838, 0.076, 0.002, 0.002], [0.174, 0.14, 0.0, 0.006, 0.602, 0.064, 0.004, 0.01]], "computation-time": 22.055360317230225, "max-memory-usage": 42685424}