{"auroc": 0.9996980424939617, "aupr": 0.99807922939252, "y": [0, 3, 4, 0, 1, 7, 0, 6, 1, 3, 6, 3, 6, 5, 5, 1, 2, 1, 5, 6, 7, 1, 4, 2, 7, 2, 3, 2, 4, 0, 6, 5, 0, 5, 4, 4, 0, 7, 1, 4, 4, 1, 2, 6, 5, 6, 3, 6, 1, 2, 7, 3, 3, 5, 5, 5, 5, 2, 3, 3, 1, 7, 0, 4, 7, 6, 1, 0, 2, 3, 7, 1, 3, 2, 2, 7, 4, 0, 2, 6, 4, 2, 7, 1, 4, 6, 7, 0, 4, 3, 4, 7, 5, 6, 5, 0, 0, 6, 2, 7, 6, 6, 1, 5, 2, 2, 7, 6, 3, 0, 7, 3, 5, 2, 3, 1, 6, 0, 4, 1, 6, 2, 3, 2, 6, 1, 0, 7, 0, 4, 4, 5, 4, 2, 7, 0, 4, 2, 7, 4, 0, 2, 6, 4, 3, 1, 5, 7, 3, 3, 7, 6, 4, 4, 3, 6, 7, 7, 4, 2, 0, 3, 0, 3, 1, 1, 6, 7, 3, 4, 4, 7, 7, 3, 6, 6, 0, 0, 2, 1, 7, 0, 4, 2, 0, 3, 4, 1, 2, 3, 6, 0, 2, 0, 1, 7, 3, 6, 1, 0, 3, 1, 2, 3, 1, 0, 0, 4, 0, 2, 7, 6, 1, 5, 2, 7, 4, 1, 2, 4, 2, 5, 1, 6, 5, 4, 1, 6, 0, 1, 7, 2, 4, 1, 0, 2, 7, 7, 1, 6, 5, 5, 0, 2, 3, 3, 4, 2, 5, 7, 1, 7, 2, 6, 1, 3, 2, 4, 6, 6, 1, 3, 3, 3, 4, 5, 2, 6, 3, 1, 6, 2, 0, 6, 4, 2, 7, 0, 0, 7, 4, 6, 0, 7, 0, 0, 6, 7, 5, 6, 2, 5, 0, 2, 4, 1, 7, 2, 2, 2, 6, 2, 3, 4, 6, 3, 7, 4, 5, 6, 0, 3, 4, 4, 5, 0, 2, 5, 3, 4, 4, 4, 4, 4], "y-hat": [[0.566, 0.262, 0.002, 0.006, 0.064, 0.084, 0.002, 0.014], [0.008, 0.002, 0.052, 0.892, 0.0, 0.006, 0.032, 0.008], [0.046, 0.078, 0.006, 0.008, 0.658, 0.086, 0.002, 0.116], [0.962, 0.012, 0.002, 0.002, 0.004, 0.004, 0.004, 0.01], [0.052, 0.692, 0.0, 0.0, 0.136, 0.114, 0.0, 0.006], [0.022, 0.01, 0.028, 0.024, 0.016, 0.016, 0.078, 0.806], [0.688, 0.23, 0.0, 0.002, 0.024, 0.056, 0.0, 0.0], [0.0, 0.0, 0.004, 0.006, 0.0, 0.0, 0.982, 0.008], [0.09, 0.422, 0.088, 0.036, 0.062, 0.068, 0.108, 0.126], [0.002, 0.0, 0.07, 0.832, 0.002, 0.0, 0.086, 0.008], [0.002, 0.0, 0.11, 0.02, 0.0, 0.002, 0.818, 0.048], [0.028, 0.014, 0.144, 0.686, 0.002, 0.006, 0.016, 0.104], [0.026, 0.024, 0.084, 0.11, 0.004, 0.018, 0.656, 0.078], [0.086, 0.044, 0.008, 0.006, 0.202, 0.568, 0.0, 0.086], [0.124, 0.152, 0.0, 0.002, 0.088, 0.614, 0.0, 0.02], [0.054, 0.754, 0.0, 0.0, 0.166, 0.022, 0.0, 0.004], [0.006, 0.002, 0.594, 0.02, 0.0, 0.002, 0.36, 0.016], [0.256, 0.668, 0.0, 0.01, 0.032, 0.03, 0.0, 0.004], [0.03, 0.034, 0.002, 0.0, 0.04, 0.882, 0.0, 0.012], [0.022, 0.01, 0.09, 0.086, 0.002, 0.01, 0.734, 0.046], [0.108, 0.056, 0.074, 0.032, 0.134, 0.06, 0.008, 0.528], [0.116, 0.682, 0.002, 0.004, 0.122, 0.038, 0.004, 0.032], [0.08, 0.172, 0.004, 0.006, 0.6, 0.118, 0.002, 0.018], [0.068, 0.052, 0.662, 0.034, 0.042, 0.07, 0.034, 0.038], [0.024, 0.012, 0.086, 0.04, 0.036, 0.016, 0.028, 0.758], [0.006, 0.0, 0.882, 0.09, 0.0, 0.0, 0.012, 0.01], [0.01, 0.002, 0.026, 0.908, 0.002, 0.0, 0.048, 0.004], [0.008, 0.012, 0.786, 0.064, 0.006, 0.018, 0.056, 0.05], [0.146, 0.082, 0.004, 0.002, 0.66, 0.088, 0.0, 0.018], [0.7, 0.104, 0.006, 0.012, 0.03, 0.106, 0.026, 0.016], [0.0, 0.0, 0.048, 0.018, 0.0, 0.0, 0.916, 0.018], [0.078, 0.104, 0.018, 0.008, 0.218, 0.556, 0.004, 0.014], [0.75, 0.072, 0.0, 0.004, 0.052, 0.09, 0.002, 0.03], [0.028, 0.076, 0.0, 0.0, 0.078, 0.804, 0.0, 0.014], [0.178, 0.114, 0.0, 0.002, 0.64, 0.058, 0.0, 0.008], [0.144, 0.078, 0.0, 0.0, 0.694, 0.084, 0.0, 0.0], [0.446, 0.222, 0.002, 0.002, 0.202, 0.106, 0.002, 0.018], [0.022, 0.016, 0.06, 0.062, 0.022, 0.01, 0.03, 0.778], [0.056, 0.868, 0.0, 0.0, 0.014, 0.038, 0.004, 0.02], [0.138, 0.152, 0.004, 0.014, 0.356, 0.282, 0.006, 0.048], [0.012, 0.018, 0.002, 0.002, 0.914, 0.048, 0.0, 0.004], [0.108, 0.432, 0.0, 0.0, 0.352, 0.102, 0.002, 0.004], [0.006, 0.004, 0.804, 0.1, 0.004, 0.004, 0.044, 0.034], [0.008, 0.002, 0.056, 0.014, 0.002, 0.008, 0.886, 0.024], [0.024, 0.058, 0.0, 0.0, 0.134, 0.778, 0.0, 0.006], [0.008, 0.0, 0.326, 0.07, 0.004, 0.006, 0.57, 0.016], [0.026, 0.012, 0.032, 0.808, 0.004, 0.002, 0.032, 0.084], [0.02, 0.006, 0.056, 0.312, 0.006, 0.016, 0.502, 0.082], [0.152, 0.486, 0.004, 0.012, 0.164, 0.112, 0.0, 0.07], [0.022, 0.018, 0.806, 0.062, 0.008, 0.02, 0.034, 0.03], [0.066, 0.028, 0.014, 0.012, 0.032, 0.042, 0.022, 0.784], [0.014, 0.0, 0.184, 0.538, 0.0, 0.006, 0.238, 0.02], [0.032, 0.004, 0.152, 0.66, 0.016, 0.016, 0.06, 0.06], [0.108, 0.156, 0.032, 0.016, 0.06, 0.572, 0.028, 0.028], [0.068, 0.102, 0.002, 0.006, 0.122, 0.688, 0.0, 0.012], [0.254, 0.064, 0.03, 0.036, 0.04, 0.506, 0.036, 0.034], [0.21, 0.128, 0.022, 0.018, 0.026, 0.52, 0.044, 0.032], [0.004, 0.0, 0.912, 0.026, 0.002, 0.002, 0.032, 0.022], [0.018, 0.002, 0.01, 0.882, 0.002, 0.0, 0.082, 0.004], [0.01, 0.0, 0.068, 0.806, 0.002, 0.006, 0.064, 0.044], [0.146, 0.608, 0.0, 0.004, 0.106, 0.116, 0.0, 0.02], [0.008, 0.002, 0.024, 0.078, 0.004, 0.002, 0.02, 0.862], [0.756, 0.154, 0.004, 0.0, 0.046, 0.018, 0.004, 0.018], [0.27, 0.102, 0.0, 0.004, 0.496, 0.102, 0.002, 0.024], [0.03, 0.04, 0.072, 0.044, 0.032, 0.016, 0.102, 0.664], [0.022, 0.004, 0.164, 0.084, 0.012, 0.01, 0.628, 0.076], [0.134, 0.668, 0.0, 0.004, 0.076, 0.106, 0.0, 0.012], [0.48, 0.282, 0.012, 0.008, 0.114, 0.088, 0.002, 0.014], [0.002, 0.016, 0.74, 0.054, 0.0, 0.016, 0.018, 0.154], [0.004, 0.002, 0.106, 0.862, 0.006, 0.006, 0.006, 0.008], [0.01, 0.004, 0.042, 0.09, 0.016, 0.01, 0.014, 0.814], [0.118, 0.476, 0.05, 0.022, 0.064, 0.15, 0.042, 0.078], [0.04, 0.008, 0.278, 0.2, 0.0, 0.022, 0.298, 0.154], [0.01, 0.008, 0.654, 0.188, 0.042, 0.012, 0.012, 0.074], [0.0, 0.0, 0.934, 0.03, 0.0, 0.0, 0.036, 0.0], [0.032, 0.024, 0.028, 0.034, 0.042, 0.038, 0.018, 0.784], [0.032, 0.008, 0.0, 0.002, 0.932, 0.024, 0.0, 0.002], [0.802, 0.08, 0.012, 0.024, 0.02, 0.044, 0.014, 0.004], [0.002, 0.002, 0.9, 0.03, 0.0, 0.0, 0.054, 0.012], [0.03, 0.002, 0.046, 0.136, 0.002, 0.008, 0.738, 0.038], [0.134, 0.406, 0.0, 0.002, 0.382, 0.062, 0.002, 0.012], [0.022, 0.008, 0.736, 0.054, 0.014, 0.012, 0.118, 0.036], [0.028, 0.022, 0.02, 0.052, 0.03, 0.026, 0.01, 0.812], [0.146, 0.646, 0.006, 0.016, 0.026, 0.134, 0.012, 0.014], [0.014, 0.02, 0.002, 0.002, 0.828, 0.13, 0.0, 0.004], [0.002, 0.002, 0.252, 0.074, 0.002, 0.008, 0.652, 0.008], [0.028, 0.028, 0.08, 0.094, 0.018, 0.016, 0.04, 0.696], [0.46, 0.04, 0.0, 0.002, 0.366, 0.094, 0.002, 0.036], [0.09, 0.084, 0.05, 0.0, 0.49, 0.252, 0.01, 0.024], [0.01, 0.0, 0.046, 0.87, 0.0, 0.0, 0.062, 0.012], [0.28, 0.136, 0.0, 0.002, 0.344, 0.168, 0.006, 0.064], [0.018, 0.006, 0.038, 0.022, 0.01, 0.002, 0.038, 0.866], [0.094, 0.046, 0.014, 0.002, 0.196, 0.618, 0.0, 0.03], [0.016, 0.01, 0.092, 0.112, 0.004, 0.004, 0.73, 0.032], [0.074, 0.074, 0.008, 0.004, 0.194, 0.618, 0.016, 0.012], [0.892, 0.066, 0.0, 0.0, 0.018, 0.02, 0.002, 0.002], [0.792, 0.038, 0.012, 0.012, 0.06, 0.048, 0.012, 0.026], [0.006, 0.0, 0.252, 0.054, 0.0, 0.004, 0.664, 0.02], [0.006, 0.006, 0.728, 0.092, 0.0, 0.004, 0.11, 0.054], [0.162, 0.102, 0.012, 0.042, 0.064, 0.1, 0.012, 0.506], [0.012, 0.0, 0.238, 0.086, 0.0, 0.004, 0.65, 0.01], [0.004, 0.0, 0.196, 0.036, 0.006, 0.006, 0.748, 0.004], [0.092, 0.308, 0.0, 0.008, 0.364, 0.226, 0.0, 0.002], [0.16, 0.128, 0.002, 0.002, 0.296, 0.366, 0.002, 0.044], [0.01, 0.008, 0.604, 0.014, 0.002, 0.028, 0.142, 0.192], [0.0, 0.0, 0.95, 0.008, 0.0, 0.0, 0.042, 0.0], [0.022, 0.008, 0.028, 0.052, 0.014, 0.012, 0.056, 0.808], [0.014, 0.004, 0.028, 0.024, 0.002, 0.004, 0.772, 0.152], [0.014, 0.004, 0.02, 0.668, 0.008, 0.0, 0.276, 0.01], [0.254, 0.344, 0.002, 0.002, 0.268, 0.122, 0.004, 0.004], [0.02, 0.016, 0.016, 0.048, 0.024, 0.01, 0.024, 0.842], [0.018, 0.008, 0.02, 0.708, 0.0, 0.0, 0.23, 0.016], [0.088, 0.112, 0.002, 0.002, 0.074, 0.694, 0.002, 0.026], [0.0, 0.002, 0.824, 0.04, 0.0, 0.008, 0.074, 0.052], [0.016, 0.0, 0.174, 0.574, 0.002, 0.0, 0.214, 0.02], [0.082, 0.57, 0.004, 0.006, 0.128, 0.092, 0.008, 0.11], [0.016, 0.002, 0.024, 0.02, 0.002, 0.01, 0.862, 0.064], [0.916, 0.03, 0.002, 0.006, 0.006, 0.012, 0.014, 0.014], [0.196, 0.042, 0.034, 0.034, 0.562, 0.084, 0.012, 0.036], [0.05, 0.638, 0.01, 0.02, 0.228, 0.034, 0.0, 0.02], [0.026, 0.006, 0.042, 0.042, 0.0, 0.0, 0.708, 0.176], [0.016, 0.002, 0.758, 0.07, 0.006, 0.008, 0.092, 0.048], [0.004, 0.002, 0.046, 0.934, 0.004, 0.002, 0.008, 0.0], [0.0, 0.0, 0.854, 0.038, 0.0, 0.0, 0.088, 0.02], [0.002, 0.002, 0.038, 0.07, 0.0, 0.0, 0.858, 0.03], [0.146, 0.622, 0.0, 0.0, 0.102, 0.128, 0.0, 0.002], [0.58, 0.246, 0.0, 0.004, 0.052, 0.102, 0.002, 0.014], [0.046, 0.058, 0.098, 0.064, 0.026, 0.014, 0.048, 0.646], [0.658, 0.062, 0.008, 0.002, 0.188, 0.074, 0.0, 0.008], [0.1, 0.054, 0.05, 0.008, 0.526, 0.236, 0.012, 0.014], [0.07, 0.016, 0.0, 0.006, 0.658, 0.23, 0.002, 0.018], [0.052, 0.062, 0.0, 0.004, 0.238, 0.63, 0.0, 0.014], [0.074, 0.118, 0.002, 0.004, 0.662, 0.134, 0.002, 0.004], [0.002, 0.002, 0.812, 0.054, 0.0, 0.0, 0.114, 0.016], [0.04, 0.012, 0.112, 0.056, 0.02, 0.016, 0.126, 0.618], [0.658, 0.094, 0.0, 0.016, 0.088, 0.106, 0.012, 0.026], [0.096, 0.048, 0.008, 0.028, 0.666, 0.128, 0.008, 0.018], [0.0, 0.0, 0.956, 0.028, 0.0, 0.002, 0.008, 0.006], [0.04, 0.01, 0.01, 0.042, 0.02, 0.012, 0.038, 0.828], [0.016, 0.028, 0.006, 0.012, 0.9, 0.034, 0.002, 0.002], [0.75, 0.06, 0.004, 0.012, 0.11, 0.022, 0.006, 0.036], [0.06, 0.02, 0.48, 0.218, 0.016, 0.018, 0.122, 0.066], [0.0, 0.0, 0.028, 0.04, 0.0, 0.0, 0.924, 0.008], [0.064, 0.056, 0.014, 0.01, 0.716, 0.108, 0.006, 0.026], [0.006, 0.002, 0.124, 0.488, 0.002, 0.004, 0.358, 0.016], [0.102, 0.618, 0.012, 0.012, 0.05, 0.132, 0.004, 0.07], [0.112, 0.028, 0.004, 0.002, 0.124, 0.7, 0.002, 0.028], [0.162, 0.092, 0.012, 0.05, 0.056, 0.088, 0.012, 0.528], [0.01, 0.008, 0.042, 0.72, 0.006, 0.02, 0.16, 0.034], [0.006, 0.004, 0.11, 0.768, 0.016, 0.01, 0.016, 0.07], [0.03, 0.046, 0.082, 0.056, 0.026, 0.004, 0.092, 0.664], [0.014, 0.014, 0.084, 0.104, 0.0, 0.016, 0.658, 0.11], [0.192, 0.256, 0.006, 0.002, 0.472, 0.052, 0.004, 0.016], [0.092, 0.208, 0.0, 0.002, 0.578, 0.094, 0.006, 0.02], [0.004, 0.0, 0.024, 0.95, 0.0, 0.0, 0.008, 0.014], [0.008, 0.002, 0.154, 0.148, 0.004, 0.01, 0.636, 0.038], [0.004, 0.016, 0.0, 0.038, 0.028, 0.026, 0.004, 0.884], [0.06, 0.046, 0.004, 0.008, 0.024, 0.04, 0.02, 0.798], [0.042, 0.032, 0.004, 0.012, 0.884, 0.016, 0.0, 0.01], [0.008, 0.0, 0.596, 0.086, 0.0, 0.004, 0.256, 0.05], [0.836, 0.044, 0.018, 0.022, 0.004, 0.056, 0.016, 0.004], [0.026, 0.002, 0.074, 0.768, 0.0, 0.002, 0.114, 0.014], [0.782, 0.064, 0.014, 0.02, 0.01, 0.056, 0.026, 0.028], [0.004, 0.0, 0.14, 0.718, 0.002, 0.0, 0.12, 0.016], [0.11, 0.772, 0.006, 0.004, 0.012, 0.07, 0.012, 0.014], [0.088, 0.646, 0.012, 0.008, 0.08, 0.062, 0.01, 0.094], [0.012, 0.004, 0.15, 0.176, 0.0, 0.004, 0.59, 0.064], [0.066, 0.032, 0.002, 0.006, 0.026, 0.034, 0.02, 0.814], [0.006, 0.0, 0.02, 0.956, 0.0, 0.002, 0.006, 0.01], [0.102, 0.07, 0.0, 0.0, 0.734, 0.094, 0.0, 0.0], [0.032, 0.054, 0.004, 0.004, 0.85, 0.042, 0.0, 0.014], [0.006, 0.0, 0.008, 0.004, 0.0, 0.0, 0.038, 0.944], [0.008, 0.034, 0.032, 0.014, 0.014, 0.014, 0.036, 0.848], [0.012, 0.006, 0.124, 0.678, 0.004, 0.012, 0.114, 0.05], [0.016, 0.012, 0.136, 0.13, 0.006, 0.01, 0.594, 0.096], [0.006, 0.0, 0.012, 0.03, 0.0, 0.002, 0.908, 0.042], [0.76, 0.062, 0.002, 0.004, 0.082, 0.044, 0.0, 0.046], [0.882, 0.036, 0.0, 0.014, 0.01, 0.042, 0.01, 0.006], [0.006, 0.002, 0.848, 0.056, 0.0, 0.002, 0.078, 0.008], [0.134, 0.218, 0.062, 0.018, 0.338, 0.172, 0.004, 0.054], [0.004, 0.008, 0.022, 0.036, 0.036, 0.008, 0.004, 0.882], [0.806, 0.08, 0.018, 0.02, 0.016, 0.026, 0.034, 0.0], [0.156, 0.288, 0.0, 0.006, 0.424, 0.108, 0.002, 0.016], [0.012, 0.0, 0.484, 0.064, 0.002, 0.01, 0.366, 0.062], [0.884, 0.032, 0.032, 0.014, 0.002, 0.024, 0.01, 0.002], [0.01, 0.002, 0.052, 0.738, 0.002, 0.016, 0.146, 0.034], [0.03, 0.038, 0.004, 0.002, 0.608, 0.298, 0.004, 0.016], [0.082, 0.672, 0.0, 0.0, 0.156, 0.09, 0.0, 0.0], [0.0, 0.0, 0.966, 0.014, 0.0, 0.0, 0.02, 0.0], [0.018, 0.014, 0.076, 0.588, 0.002, 0.006, 0.084, 0.212], [0.008, 0.0, 0.402, 0.088, 0.0, 0.006, 0.48, 0.016], [0.556, 0.202, 0.016, 0.004, 0.062, 0.144, 0.012, 0.004], [0.01, 0.0, 0.752, 0.03, 0.0, 0.008, 0.146, 0.054], [0.738, 0.142, 0.012, 0.026, 0.026, 0.036, 0.014, 0.006], [0.054, 0.84, 0.0, 0.0, 0.026, 0.074, 0.002, 0.004], [0.03, 0.01, 0.024, 0.044, 0.022, 0.018, 0.012, 0.84], [0.008, 0.0, 0.044, 0.902, 0.0, 0.002, 0.034, 0.01], [0.002, 0.0, 0.052, 0.022, 0.0, 0.0, 0.886, 0.038], [0.222, 0.608, 0.002, 0.002, 0.058, 0.096, 0.002, 0.01], [0.848, 0.052, 0.008, 0.012, 0.03, 0.03, 0.004, 0.016], [0.024, 0.002, 0.128, 0.484, 0.004, 0.008, 0.342, 0.008], [0.094, 0.378, 0.05, 0.022, 0.226, 0.192, 0.018, 0.02], [0.0, 0.0, 0.888, 0.034, 0.0, 0.002, 0.056, 0.02], [0.004, 0.0, 0.004, 0.98, 0.0, 0.0, 0.012, 0.0], [0.028, 0.63, 0.02, 0.03, 0.218, 0.042, 0.004, 0.028], [0.706, 0.052, 0.014, 0.014, 0.068, 0.086, 0.014, 0.046], [0.774, 0.068, 0.006, 0.006, 0.066, 0.064, 0.004, 0.012], [0.104, 0.184, 0.0, 0.008, 0.616, 0.08, 0.002, 0.006], [0.85, 0.062, 0.002, 0.004, 0.042, 0.036, 0.0, 0.004], [0.0, 0.002, 0.848, 0.052, 0.0, 0.002, 0.092, 0.004], [0.016, 0.032, 0.056, 0.02, 0.014, 0.008, 0.138, 0.716], [0.038, 0.008, 0.036, 0.168, 0.002, 0.006, 0.662, 0.08], [0.084, 0.684, 0.0, 0.004, 0.114, 0.112, 0.002, 0.0], [0.122, 0.158, 0.016, 0.02, 0.024, 0.572, 0.03, 0.058], [0.006, 0.0, 0.832, 0.068, 0.002, 0.01, 0.072, 0.01], [0.012, 0.006, 0.026, 0.036, 0.004, 0.008, 0.058, 0.85], [0.042, 0.016, 0.0, 0.004, 0.86, 0.072, 0.002, 0.004], [0.074, 0.532, 0.008, 0.012, 0.16, 0.088, 0.016, 0.11], [0.0, 0.0, 0.92, 0.048, 0.0, 0.0, 0.024, 0.008], [0.032, 0.1, 0.002, 0.002, 0.76, 0.094, 0.0, 0.01], [0.002, 0.0, 0.86, 0.1, 0.0, 0.002, 0.03, 0.006], [0.018, 0.014, 0.002, 0.0, 0.158, 0.8, 0.0, 0.008], [0.236, 0.546, 0.0, 0.002, 0.104, 0.1, 0.002, 0.01], [0.008, 0.0, 0.192, 0.046, 0.0, 0.01, 0.72, 0.024], [0.028, 0.05, 0.0, 0.0, 0.062, 0.86, 0.0, 0.0], [0.008, 0.004, 0.002, 0.0, 0.932, 0.052, 0.0, 0.002], [0.07, 0.72, 0.002, 0.01, 0.116, 0.032, 0.006, 0.044], [0.016, 0.0, 0.152, 0.11, 0.002, 0.012, 0.676, 0.032], [0.944, 0.038, 0.0, 0.0, 0.002, 0.01, 0.004, 0.002], [0.176, 0.756, 0.006, 0.004, 0.024, 0.03, 0.002, 0.002], [0.038, 0.04, 0.13, 0.036, 0.022, 0.022, 0.058, 0.654], [0.006, 0.002, 0.5, 0.068, 0.002, 0.008, 0.37, 0.044], [0.102, 0.08, 0.048, 0.004, 0.484, 0.264, 0.006, 0.012], [0.11, 0.742, 0.002, 0.002, 0.042, 0.09, 0.008, 0.004], [0.75, 0.134, 0.004, 0.002, 0.052, 0.044, 0.004, 0.01], [0.0, 0.002, 0.872, 0.06, 0.0, 0.002, 0.058, 0.006], [0.01, 0.006, 0.014, 0.014, 0.002, 0.002, 0.028, 0.924], [0.06, 0.026, 0.01, 0.02, 0.014, 0.036, 0.04, 0.794], [0.2, 0.572, 0.0, 0.014, 0.084, 0.102, 0.006, 0.022], [0.004, 0.002, 0.014, 0.016, 0.0, 0.0, 0.96, 0.004], [0.088, 0.14, 0.004, 0.0, 0.228, 0.534, 0.0, 0.006], [0.046, 0.094, 0.0, 0.002, 0.274, 0.52, 0.0, 0.064], [0.584, 0.154, 0.03, 0.002, 0.03, 0.13, 0.014, 0.056], [0.002, 0.0, 0.876, 0.076, 0.002, 0.0, 0.042, 0.002], [0.01, 0.004, 0.152, 0.68, 0.026, 0.01, 0.018, 0.1], [0.02, 0.002, 0.23, 0.38, 0.0, 0.008, 0.302, 0.058], [0.244, 0.128, 0.0, 0.002, 0.452, 0.12, 0.006, 0.048], [0.004, 0.004, 0.804, 0.094, 0.0, 0.002, 0.084, 0.008], [0.074, 0.084, 0.0, 0.008, 0.064, 0.748, 0.0, 0.022], [0.07, 0.038, 0.008, 0.006, 0.026, 0.024, 0.02, 0.808], [0.104, 0.766, 0.0, 0.0, 0.1, 0.03, 0.0, 0.0], [0.042, 0.034, 0.124, 0.018, 0.036, 0.012, 0.062, 0.672], [0.008, 0.006, 0.686, 0.06, 0.002, 0.018, 0.122, 0.098], [0.0, 0.0, 0.032, 0.022, 0.0, 0.002, 0.93, 0.014], [0.106, 0.534, 0.006, 0.056, 0.046, 0.074, 0.016, 0.162], [0.032, 0.006, 0.072, 0.638, 0.004, 0.012, 0.232, 0.004], [0.016, 0.012, 0.732, 0.068, 0.008, 0.016, 0.112, 0.036], [0.016, 0.052, 0.014, 0.012, 0.854, 0.028, 0.002, 0.022], [0.0, 0.0, 0.04, 0.014, 0.004, 0.0, 0.94, 0.002], [0.012, 0.006, 0.034, 0.142, 0.0, 0.002, 0.768, 0.036], [0.128, 0.72, 0.0, 0.004, 0.072, 0.064, 0.002, 0.01], [0.028, 0.008, 0.076, 0.63, 0.012, 0.024, 0.066, 0.156], [0.002, 0.002, 0.012, 0.974, 0.0, 0.002, 0.006, 0.002], [0.002, 0.002, 0.118, 0.698, 0.002, 0.002, 0.15, 0.026], [0.11, 0.042, 0.024, 0.038, 0.618, 0.13, 0.014, 0.024], [0.048, 0.022, 0.006, 0.0, 0.272, 0.644, 0.004, 0.004], [0.002, 0.002, 0.858, 0.088, 0.0, 0.002, 0.036, 0.012], [0.008, 0.002, 0.132, 0.236, 0.01, 0.008, 0.548, 0.056], [0.004, 0.002, 0.206, 0.594, 0.0, 0.002, 0.18, 0.012], [0.092, 0.484, 0.074, 0.036, 0.064, 0.06, 0.098, 0.092], [0.024, 0.004, 0.058, 0.106, 0.002, 0.008, 0.768, 0.03], [0.002, 0.0, 0.952, 0.016, 0.0, 0.002, 0.02, 0.008], [0.678, 0.11, 0.018, 0.026, 0.048, 0.064, 0.008, 0.048], [0.008, 0.002, 0.072, 0.15, 0.0, 0.006, 0.732, 0.03], [0.198, 0.098, 0.028, 0.022, 0.462, 0.128, 0.004, 0.06], [0.002, 0.0, 0.824, 0.038, 0.0, 0.01, 0.1, 0.026], [0.008, 0.014, 0.03, 0.066, 0.014, 0.024, 0.046, 0.798], [0.62, 0.154, 0.04, 0.006, 0.028, 0.078, 0.026, 0.048], [0.58, 0.192, 0.002, 0.016, 0.062, 0.118, 0.014, 0.016], [0.186, 0.07, 0.026, 0.086, 0.046, 0.104, 0.044, 0.438], [0.09, 0.102, 0.0, 0.012, 0.6, 0.136, 0.004, 0.056], [0.01, 0.002, 0.06, 0.028, 0.002, 0.004, 0.858, 0.036], [0.572, 0.144, 0.004, 0.01, 0.046, 0.18, 0.014, 0.03], [0.016, 0.002, 0.008, 0.004, 0.004, 0.01, 0.056, 0.9], [0.61, 0.136, 0.004, 0.0, 0.084, 0.126, 0.002, 0.038], [0.708, 0.054, 0.004, 0.0, 0.142, 0.072, 0.0, 0.02], [0.0, 0.0, 0.304, 0.078, 0.002, 0.0, 0.602, 0.014], [0.014, 0.064, 0.062, 0.022, 0.018, 0.01, 0.052, 0.758], [0.064, 0.076, 0.0, 0.0, 0.104, 0.752, 0.0, 0.004], [0.006, 0.0, 0.17, 0.106, 0.002, 0.006, 0.706, 0.004], [0.004, 0.012, 0.758, 0.04, 0.004, 0.02, 0.048, 0.114], [0.056, 0.104, 0.002, 0.008, 0.142, 0.626, 0.0, 0.062], [0.738, 0.072, 0.014, 0.002, 0.116, 0.04, 0.004, 0.014], [0.0, 0.0, 0.928, 0.018, 0.0, 0.0, 0.052, 0.002], [0.132, 0.086, 0.0, 0.002, 0.63, 0.136, 0.004, 0.01], [0.092, 0.634, 0.014, 0.03, 0.068, 0.126, 0.008, 0.028], [0.008, 0.008, 0.018, 0.032, 0.022, 0.012, 0.02, 0.88], [0.002, 0.0, 0.87, 0.072, 0.0, 0.002, 0.05, 0.004], [0.002, 0.0, 0.848, 0.04, 0.004, 0.002, 0.084, 0.02], [0.018, 0.002, 0.646, 0.068, 0.002, 0.01, 0.17, 0.084], [0.008, 0.0, 0.04, 0.028, 0.0, 0.0, 0.904, 0.02], [0.0, 0.002, 0.862, 0.03, 0.0, 0.004, 0.09, 0.012], [0.008, 0.004, 0.214, 0.664, 0.018, 0.002, 0.044, 0.046], [0.06, 0.016, 0.0, 0.008, 0.686, 0.2, 0.004, 0.026], [0.022, 0.034, 0.118, 0.088, 0.002, 0.014, 0.614, 0.108], [0.01, 0.004, 0.026, 0.696, 0.0, 0.0, 0.246, 0.018], [0.018, 0.008, 0.006, 0.02, 0.008, 0.012, 0.022, 0.906], [0.038, 0.074, 0.006, 0.004, 0.78, 0.088, 0.002, 0.008], [0.066, 0.124, 0.002, 0.002, 0.11, 0.678, 0.0, 0.018], [0.006, 0.008, 0.112, 0.04, 0.0, 0.002, 0.802, 0.03], [0.65, 0.174, 0.002, 0.006, 0.1, 0.044, 0.006, 0.018], [0.006, 0.0, 0.03, 0.842, 0.002, 0.006, 0.102, 0.012], [0.178, 0.208, 0.0, 0.002, 0.486, 0.118, 0.0, 0.008], [0.004, 0.004, 0.0, 0.0, 0.976, 0.016, 0.0, 0.0], [0.064, 0.08, 0.002, 0.0, 0.14, 0.712, 0.002, 0.0], [0.57, 0.336, 0.01, 0.0, 0.018, 0.042, 0.008, 0.016], [0.002, 0.006, 0.782, 0.1, 0.0, 0.002, 0.092, 0.016], [0.068, 0.084, 0.0, 0.004, 0.37, 0.458, 0.002, 0.014], [0.002, 0.002, 0.046, 0.926, 0.0, 0.004, 0.016, 0.004], [0.068, 0.058, 0.06, 0.006, 0.568, 0.202, 0.016, 0.022], [0.048, 0.058, 0.006, 0.004, 0.56, 0.314, 0.002, 0.008], [0.07, 0.034, 0.02, 0.034, 0.678, 0.14, 0.006, 0.018], [0.024, 0.06, 0.018, 0.018, 0.814, 0.054, 0.0, 0.012], [0.184, 0.138, 0.004, 0.004, 0.51, 0.138, 0.004, 0.018]], "computation-time": 25.02313804626465, "max-memory-usage": 48326539}