{"auroc": 0.999874735683524, "aupr": 0.9990930059768812, "y": [0, 3, 4, 0, 1, 7, 0, 6, 1, 3, 6, 3, 6, 5, 5, 1, 2, 1, 5, 6, 7, 1, 4, 2, 7, 2, 3, 2, 4, 0, 6, 5, 0, 5, 4, 4, 0, 7, 1, 4, 4, 1, 2, 6, 5, 6, 3, 6, 1, 2, 7, 3, 3, 5, 5, 5, 5, 2, 3, 3, 1, 7, 0, 4, 7, 6, 1, 0, 2, 3, 7, 1, 3, 2, 2, 7, 4, 0, 2, 6, 4, 2, 7, 1, 4, 6, 7, 0, 4, 3, 4, 7, 5, 6, 5, 0, 0, 6, 2, 7, 6, 6, 1, 5, 2, 2, 7, 6, 3, 0, 7, 3, 5, 2, 3, 1, 6, 0, 4, 1, 6, 2, 3, 2, 6, 1, 0, 7, 0, 4, 4, 5, 4, 2, 7, 0, 4, 2, 7, 4, 0, 2, 6, 4, 3, 1, 5, 7, 3, 3, 7, 6, 4, 4, 3, 6, 7, 7, 4, 2, 0, 3, 0, 3, 1, 1, 6, 7, 3, 4, 4, 7, 7, 3, 6, 6, 0, 0, 2, 1, 7, 0, 4, 2, 0, 3, 4, 1, 2, 3, 6, 0, 2, 0, 1, 7, 3, 6, 1, 0, 3, 1, 2, 3, 1, 0, 0, 4, 0, 2, 7, 6, 1, 5, 2, 7, 4, 1, 2, 4, 2, 5, 1, 6, 5, 4, 1, 6, 0, 1, 7, 2, 4, 1, 0, 2, 7, 7, 1, 6, 5, 5, 0, 2, 3, 3, 4, 2, 5, 7, 1, 7, 2, 6, 1, 3, 2, 4, 6, 6, 1, 3, 3, 3, 4, 5, 2, 6, 3, 1, 6, 2, 0, 6, 4, 2, 7, 0, 0, 7, 4, 6, 0, 7, 0, 0, 6, 7, 5, 6, 2, 5, 0, 2, 4, 1, 7, 2, 2, 2, 6, 2, 3, 4, 6, 3, 7, 4, 5, 6, 0, 3, 4, 4, 5, 0, 2, 5, 3, 4, 4, 4, 4, 4], "y-hat": [[0.55, 0.254, 0.024, 0.018, 0.05, 0.046, 0.002, 0.056], [0.016, 0.0, 0.058, 0.868, 0.002, 0.004, 0.05, 0.002], [0.11, 0.184, 0.022, 0.014, 0.402, 0.168, 0.002, 0.098], [0.936, 0.018, 0.002, 0.006, 0.008, 0.008, 0.022, 0.0], [0.056, 0.806, 0.0, 0.0, 0.058, 0.068, 0.0, 0.012], [0.058, 0.02, 0.02, 0.036, 0.026, 0.052, 0.104, 0.684], [0.674, 0.2, 0.002, 0.0, 0.048, 0.076, 0.0, 0.0], [0.002, 0.0, 0.01, 0.012, 0.0, 0.0, 0.962, 0.014], [0.152, 0.41, 0.046, 0.022, 0.118, 0.05, 0.07, 0.132], [0.004, 0.0, 0.074, 0.84, 0.0, 0.0, 0.076, 0.006], [0.02, 0.004, 0.184, 0.046, 0.006, 0.006, 0.648, 0.086], [0.006, 0.004, 0.236, 0.576, 0.002, 0.008, 0.032, 0.136], [0.014, 0.018, 0.092, 0.126, 0.004, 0.006, 0.616, 0.124], [0.098, 0.072, 0.006, 0.004, 0.122, 0.606, 0.01, 0.082], [0.138, 0.122, 0.002, 0.004, 0.046, 0.64, 0.01, 0.038], [0.062, 0.788, 0.0, 0.004, 0.08, 0.062, 0.0, 0.004], [0.004, 0.004, 0.496, 0.042, 0.002, 0.002, 0.414, 0.036], [0.222, 0.558, 0.024, 0.09, 0.004, 0.014, 0.036, 0.052], [0.036, 0.014, 0.002, 0.002, 0.048, 0.888, 0.0, 0.01], [0.012, 0.01, 0.068, 0.146, 0.002, 0.002, 0.666, 0.094], [0.15, 0.114, 0.088, 0.038, 0.054, 0.068, 0.01, 0.478], [0.162, 0.676, 0.006, 0.002, 0.096, 0.048, 0.004, 0.006], [0.114, 0.234, 0.004, 0.002, 0.524, 0.084, 0.002, 0.036], [0.07, 0.068, 0.612, 0.038, 0.03, 0.062, 0.06, 0.06], [0.022, 0.014, 0.034, 0.036, 0.008, 0.0, 0.004, 0.882], [0.0, 0.004, 0.866, 0.114, 0.0, 0.0, 0.014, 0.002], [0.004, 0.002, 0.038, 0.886, 0.0, 0.002, 0.064, 0.004], [0.012, 0.02, 0.78, 0.046, 0.006, 0.014, 0.076, 0.046], [0.082, 0.094, 0.0, 0.0, 0.762, 0.052, 0.006, 0.004], [0.728, 0.05, 0.01, 0.01, 0.036, 0.148, 0.012, 0.006], [0.004, 0.0, 0.08, 0.04, 0.0, 0.0, 0.86, 0.016], [0.138, 0.13, 0.006, 0.0, 0.1, 0.626, 0.0, 0.0], [0.77, 0.07, 0.0, 0.004, 0.034, 0.078, 0.01, 0.034], [0.038, 0.176, 0.008, 0.006, 0.054, 0.628, 0.012, 0.078], [0.158, 0.09, 0.0, 0.0, 0.698, 0.04, 0.002, 0.012], [0.194, 0.142, 0.0, 0.0, 0.604, 0.06, 0.0, 0.0], [0.498, 0.27, 0.006, 0.008, 0.088, 0.092, 0.0, 0.038], [0.034, 0.05, 0.052, 0.05, 0.016, 0.032, 0.04, 0.726], [0.106, 0.778, 0.004, 0.0, 0.044, 0.054, 0.002, 0.012], [0.136, 0.096, 0.004, 0.006, 0.398, 0.334, 0.002, 0.024], [0.008, 0.0, 0.0, 0.0, 0.96, 0.028, 0.002, 0.002], [0.098, 0.476, 0.002, 0.004, 0.236, 0.176, 0.0, 0.008], [0.008, 0.0, 0.828, 0.06, 0.0, 0.0, 0.064, 0.04], [0.016, 0.004, 0.08, 0.038, 0.0, 0.004, 0.818, 0.04], [0.038, 0.048, 0.0, 0.0, 0.14, 0.766, 0.002, 0.006], [0.02, 0.0, 0.392, 0.074, 0.002, 0.008, 0.496, 0.008], [0.004, 0.006, 0.096, 0.79, 0.002, 0.004, 0.036, 0.062], [0.01, 0.016, 0.028, 0.232, 0.004, 0.004, 0.6, 0.106], [0.13, 0.58, 0.002, 0.002, 0.184, 0.078, 0.008, 0.016], [0.03, 0.04, 0.716, 0.112, 0.006, 0.008, 0.034, 0.054], [0.03, 0.038, 0.018, 0.012, 0.014, 0.06, 0.026, 0.802], [0.006, 0.0, 0.18, 0.652, 0.0, 0.0, 0.152, 0.01], [0.02, 0.014, 0.184, 0.684, 0.006, 0.006, 0.048, 0.038], [0.068, 0.124, 0.02, 0.012, 0.08, 0.676, 0.008, 0.012], [0.076, 0.088, 0.002, 0.004, 0.152, 0.662, 0.004, 0.012], [0.168, 0.096, 0.012, 0.016, 0.052, 0.638, 0.012, 0.006], [0.162, 0.126, 0.002, 0.002, 0.054, 0.632, 0.016, 0.006], [0.01, 0.002, 0.912, 0.032, 0.0, 0.0, 0.012, 0.032], [0.024, 0.014, 0.038, 0.798, 0.0, 0.0, 0.11, 0.016], [0.032, 0.0, 0.05, 0.86, 0.002, 0.0, 0.05, 0.006], [0.152, 0.586, 0.0, 0.0, 0.12, 0.116, 0.0, 0.026], [0.004, 0.004, 0.026, 0.104, 0.004, 0.002, 0.018, 0.838], [0.658, 0.234, 0.014, 0.006, 0.018, 0.018, 0.008, 0.044], [0.262, 0.15, 0.004, 0.002, 0.516, 0.042, 0.004, 0.02], [0.02, 0.026, 0.078, 0.02, 0.012, 0.018, 0.118, 0.708], [0.01, 0.008, 0.096, 0.16, 0.002, 0.006, 0.592, 0.126], [0.138, 0.57, 0.008, 0.01, 0.118, 0.102, 0.002, 0.052], [0.568, 0.232, 0.022, 0.014, 0.052, 0.078, 0.002, 0.032], [0.012, 0.006, 0.682, 0.046, 0.01, 0.016, 0.02, 0.208], [0.0, 0.002, 0.052, 0.892, 0.0, 0.0, 0.026, 0.028], [0.0, 0.004, 0.072, 0.11, 0.006, 0.002, 0.042, 0.764], [0.164, 0.436, 0.026, 0.02, 0.14, 0.13, 0.03, 0.054], [0.038, 0.022, 0.324, 0.318, 0.004, 0.01, 0.176, 0.108], [0.028, 0.022, 0.766, 0.088, 0.024, 0.008, 0.014, 0.05], [0.002, 0.0, 0.918, 0.054, 0.0, 0.0, 0.026, 0.0], [0.012, 0.008, 0.014, 0.03, 0.006, 0.036, 0.0, 0.894], [0.116, 0.074, 0.0, 0.0, 0.782, 0.024, 0.004, 0.0], [0.814, 0.09, 0.002, 0.012, 0.028, 0.042, 0.01, 0.002], [0.006, 0.0, 0.854, 0.046, 0.002, 0.008, 0.066, 0.018], [0.01, 0.0, 0.054, 0.222, 0.002, 0.008, 0.658, 0.046], [0.166, 0.436, 0.004, 0.004, 0.292, 0.082, 0.004, 0.012], [0.014, 0.016, 0.68, 0.08, 0.0, 0.014, 0.138, 0.058], [0.014, 0.01, 0.028, 0.03, 0.004, 0.006, 0.028, 0.88], [0.186, 0.614, 0.02, 0.026, 0.048, 0.05, 0.04, 0.016], [0.062, 0.032, 0.002, 0.0, 0.852, 0.044, 0.0, 0.008], [0.01, 0.006, 0.21, 0.024, 0.004, 0.012, 0.706, 0.028], [0.024, 0.034, 0.06, 0.074, 0.01, 0.022, 0.018, 0.758], [0.456, 0.034, 0.004, 0.008, 0.368, 0.1, 0.0, 0.03], [0.142, 0.048, 0.006, 0.0, 0.624, 0.168, 0.006, 0.006], [0.006, 0.0, 0.092, 0.818, 0.0, 0.0, 0.078, 0.006], [0.222, 0.144, 0.0, 0.0, 0.342, 0.23, 0.004, 0.058], [0.008, 0.018, 0.034, 0.008, 0.008, 0.006, 0.06, 0.858], [0.096, 0.07, 0.01, 0.0, 0.216, 0.594, 0.004, 0.01], [0.016, 0.004, 0.064, 0.22, 0.002, 0.006, 0.654, 0.034], [0.104, 0.078, 0.01, 0.004, 0.276, 0.518, 0.008, 0.002], [0.86, 0.07, 0.0, 0.006, 0.012, 0.04, 0.01, 0.002], [0.714, 0.088, 0.008, 0.034, 0.07, 0.066, 0.0, 0.02], [0.002, 0.004, 0.284, 0.042, 0.002, 0.0, 0.628, 0.038], [0.004, 0.004, 0.712, 0.106, 0.002, 0.006, 0.12, 0.046], [0.102, 0.108, 0.018, 0.032, 0.018, 0.076, 0.022, 0.624], [0.004, 0.002, 0.262, 0.084, 0.0, 0.0, 0.64, 0.008], [0.01, 0.006, 0.172, 0.018, 0.002, 0.002, 0.764, 0.026], [0.05, 0.312, 0.002, 0.002, 0.354, 0.272, 0.0, 0.008], [0.132, 0.044, 0.008, 0.0, 0.226, 0.542, 0.002, 0.046], [0.024, 0.02, 0.576, 0.05, 0.004, 0.012, 0.12, 0.194], [0.006, 0.0, 0.912, 0.044, 0.0, 0.0, 0.036, 0.002], [0.004, 0.002, 0.028, 0.068, 0.004, 0.008, 0.092, 0.794], [0.0, 0.002, 0.012, 0.018, 0.0, 0.0, 0.926, 0.042], [0.018, 0.006, 0.03, 0.688, 0.0, 0.002, 0.246, 0.01], [0.402, 0.288, 0.006, 0.002, 0.184, 0.108, 0.002, 0.008], [0.006, 0.002, 0.01, 0.026, 0.0, 0.006, 0.008, 0.942], [0.0, 0.0, 0.032, 0.672, 0.0, 0.0, 0.278, 0.018], [0.154, 0.058, 0.002, 0.002, 0.064, 0.68, 0.006, 0.034], [0.01, 0.012, 0.826, 0.052, 0.0, 0.0, 0.04, 0.06], [0.006, 0.004, 0.142, 0.738, 0.002, 0.0, 0.098, 0.01], [0.106, 0.648, 0.004, 0.002, 0.138, 0.072, 0.004, 0.026], [0.002, 0.002, 0.018, 0.018, 0.0, 0.004, 0.904, 0.052], [0.942, 0.012, 0.002, 0.0, 0.004, 0.026, 0.008, 0.006], [0.198, 0.048, 0.022, 0.01, 0.578, 0.108, 0.018, 0.018], [0.042, 0.76, 0.0, 0.0, 0.102, 0.084, 0.0, 0.012], [0.002, 0.004, 0.042, 0.064, 0.0, 0.0, 0.78, 0.108], [0.02, 0.0, 0.748, 0.128, 0.0, 0.004, 0.06, 0.04], [0.002, 0.002, 0.034, 0.94, 0.002, 0.0, 0.018, 0.002], [0.006, 0.004, 0.84, 0.048, 0.0, 0.002, 0.092, 0.008], [0.004, 0.0, 0.062, 0.076, 0.0, 0.002, 0.814, 0.042], [0.128, 0.674, 0.0, 0.0, 0.116, 0.074, 0.0, 0.008], [0.564, 0.204, 0.0, 0.008, 0.054, 0.122, 0.034, 0.014], [0.028, 0.048, 0.07, 0.036, 0.006, 0.002, 0.094, 0.716], [0.578, 0.072, 0.002, 0.0, 0.274, 0.058, 0.004, 0.012], [0.164, 0.088, 0.018, 0.002, 0.586, 0.13, 0.006, 0.006], [0.054, 0.022, 0.0, 0.0, 0.756, 0.146, 0.0, 0.022], [0.026, 0.08, 0.002, 0.002, 0.124, 0.662, 0.006, 0.098], [0.076, 0.106, 0.0, 0.0, 0.624, 0.19, 0.004, 0.0], [0.004, 0.0, 0.852, 0.058, 0.0, 0.0, 0.08, 0.006], [0.034, 0.036, 0.08, 0.024, 0.008, 0.016, 0.106, 0.696], [0.67, 0.102, 0.008, 0.008, 0.08, 0.08, 0.026, 0.026], [0.108, 0.034, 0.008, 0.002, 0.726, 0.118, 0.004, 0.0], [0.006, 0.002, 0.944, 0.02, 0.0, 0.002, 0.008, 0.018], [0.006, 0.002, 0.022, 0.046, 0.002, 0.006, 0.086, 0.83], [0.02, 0.014, 0.0, 0.0, 0.92, 0.044, 0.002, 0.0], [0.726, 0.074, 0.008, 0.008, 0.084, 0.052, 0.026, 0.022], [0.016, 0.008, 0.654, 0.166, 0.0, 0.012, 0.126, 0.018], [0.002, 0.0, 0.068, 0.044, 0.0, 0.0, 0.886, 0.0], [0.03, 0.012, 0.004, 0.0, 0.888, 0.064, 0.002, 0.0], [0.014, 0.006, 0.088, 0.71, 0.0, 0.0, 0.172, 0.01], [0.134, 0.644, 0.006, 0.004, 0.098, 0.098, 0.006, 0.01], [0.11, 0.08, 0.008, 0.004, 0.078, 0.654, 0.01, 0.056], [0.106, 0.096, 0.024, 0.046, 0.012, 0.066, 0.026, 0.624], [0.092, 0.01, 0.064, 0.672, 0.02, 0.028, 0.1, 0.014], [0.012, 0.002, 0.15, 0.72, 0.012, 0.004, 0.044, 0.056], [0.014, 0.024, 0.046, 0.032, 0.006, 0.0, 0.084, 0.794], [0.006, 0.01, 0.062, 0.1, 0.0, 0.006, 0.66, 0.156], [0.254, 0.302, 0.002, 0.004, 0.378, 0.044, 0.002, 0.014], [0.098, 0.146, 0.002, 0.0, 0.64, 0.102, 0.002, 0.01], [0.002, 0.002, 0.04, 0.928, 0.002, 0.0, 0.018, 0.008], [0.006, 0.006, 0.118, 0.088, 0.0, 0.004, 0.756, 0.022], [0.008, 0.012, 0.008, 0.04, 0.008, 0.004, 0.018, 0.902], [0.078, 0.056, 0.016, 0.02, 0.024, 0.076, 0.016, 0.714], [0.048, 0.018, 0.006, 0.0, 0.896, 0.018, 0.0, 0.014], [0.006, 0.004, 0.66, 0.07, 0.0, 0.002, 0.21, 0.048], [0.856, 0.022, 0.01, 0.01, 0.014, 0.076, 0.01, 0.002], [0.002, 0.0, 0.186, 0.596, 0.0, 0.0, 0.214, 0.002], [0.76, 0.06, 0.01, 0.008, 0.018, 0.088, 0.04, 0.016], [0.004, 0.0, 0.226, 0.69, 0.0, 0.0, 0.076, 0.004], [0.1, 0.82, 0.006, 0.004, 0.034, 0.032, 0.002, 0.002], [0.11, 0.696, 0.0, 0.0, 0.134, 0.04, 0.01, 0.01], [0.014, 0.002, 0.134, 0.196, 0.002, 0.006, 0.594, 0.052], [0.036, 0.032, 0.004, 0.0, 0.04, 0.058, 0.016, 0.814], [0.004, 0.008, 0.028, 0.946, 0.0, 0.0, 0.008, 0.006], [0.098, 0.056, 0.0, 0.0, 0.794, 0.05, 0.0, 0.002], [0.018, 0.016, 0.002, 0.0, 0.932, 0.032, 0.0, 0.0], [0.008, 0.0, 0.002, 0.008, 0.0, 0.002, 0.042, 0.938], [0.03, 0.044, 0.034, 0.006, 0.024, 0.026, 0.05, 0.786], [0.02, 0.02, 0.156, 0.64, 0.004, 0.004, 0.102, 0.054], [0.014, 0.008, 0.132, 0.1, 0.006, 0.006, 0.598, 0.136], [0.002, 0.0, 0.024, 0.032, 0.0, 0.002, 0.89, 0.05], [0.796, 0.056, 0.006, 0.004, 0.052, 0.05, 0.012, 0.024], [0.902, 0.022, 0.002, 0.004, 0.01, 0.048, 0.006, 0.006], [0.012, 0.008, 0.744, 0.108, 0.002, 0.002, 0.086, 0.038], [0.174, 0.364, 0.084, 0.042, 0.122, 0.178, 0.006, 0.03], [0.006, 0.002, 0.018, 0.016, 0.0, 0.016, 0.01, 0.932], [0.866, 0.014, 0.034, 0.034, 0.002, 0.012, 0.034, 0.004], [0.176, 0.316, 0.006, 0.0, 0.388, 0.086, 0.002, 0.026], [0.014, 0.016, 0.584, 0.042, 0.0, 0.006, 0.282, 0.056], [0.842, 0.038, 0.032, 0.036, 0.014, 0.032, 0.004, 0.002], [0.046, 0.004, 0.062, 0.784, 0.01, 0.008, 0.082, 0.004], [0.06, 0.03, 0.004, 0.0, 0.554, 0.342, 0.004, 0.006], [0.066, 0.716, 0.0, 0.0, 0.162, 0.054, 0.0, 0.002], [0.0, 0.0, 0.942, 0.024, 0.0, 0.0, 0.034, 0.0], [0.012, 0.018, 0.144, 0.518, 0.002, 0.002, 0.088, 0.216], [0.01, 0.004, 0.438, 0.098, 0.002, 0.008, 0.412, 0.028], [0.56, 0.198, 0.002, 0.0, 0.124, 0.108, 0.002, 0.006], [0.03, 0.008, 0.682, 0.06, 0.006, 0.008, 0.138, 0.068], [0.812, 0.08, 0.008, 0.022, 0.02, 0.034, 0.02, 0.004], [0.136, 0.736, 0.004, 0.0, 0.054, 0.068, 0.0, 0.002], [0.004, 0.012, 0.012, 0.048, 0.0, 0.006, 0.012, 0.906], [0.014, 0.002, 0.036, 0.872, 0.002, 0.002, 0.062, 0.01], [0.02, 0.026, 0.036, 0.016, 0.01, 0.01, 0.846, 0.036], [0.21, 0.55, 0.0, 0.0, 0.086, 0.154, 0.0, 0.0], [0.768, 0.108, 0.008, 0.03, 0.044, 0.03, 0.004, 0.008], [0.024, 0.004, 0.142, 0.684, 0.0, 0.0, 0.136, 0.01], [0.098, 0.514, 0.014, 0.002, 0.188, 0.172, 0.002, 0.01], [0.002, 0.004, 0.824, 0.062, 0.0, 0.0, 0.07, 0.038], [0.002, 0.002, 0.008, 0.976, 0.0, 0.0, 0.012, 0.0], [0.04, 0.758, 0.006, 0.006, 0.152, 0.032, 0.0, 0.006], [0.652, 0.104, 0.008, 0.026, 0.092, 0.078, 0.016, 0.024], [0.76, 0.08, 0.0, 0.002, 0.076, 0.068, 0.008, 0.006], [0.146, 0.152, 0.004, 0.008, 0.618, 0.062, 0.002, 0.008], [0.806, 0.076, 0.0, 0.004, 0.058, 0.05, 0.002, 0.004], [0.006, 0.0, 0.878, 0.048, 0.0, 0.0, 0.066, 0.002], [0.006, 0.014, 0.064, 0.008, 0.012, 0.006, 0.16, 0.73], [0.014, 0.012, 0.024, 0.134, 0.0, 0.002, 0.71, 0.104], [0.086, 0.788, 0.0, 0.0, 0.054, 0.058, 0.002, 0.012], [0.124, 0.168, 0.004, 0.002, 0.08, 0.604, 0.01, 0.008], [0.014, 0.0, 0.852, 0.09, 0.0, 0.0, 0.026, 0.018], [0.008, 0.008, 0.026, 0.032, 0.0, 0.002, 0.104, 0.82], [0.088, 0.064, 0.006, 0.0, 0.742, 0.092, 0.0, 0.008], [0.1, 0.596, 0.004, 0.002, 0.166, 0.11, 0.004, 0.018], [0.002, 0.002, 0.928, 0.056, 0.0, 0.0, 0.012, 0.0], [0.08, 0.234, 0.02, 0.012, 0.514, 0.12, 0.002, 0.018], [0.004, 0.002, 0.884, 0.08, 0.0, 0.0, 0.026, 0.004], [0.046, 0.018, 0.0, 0.002, 0.088, 0.846, 0.0, 0.0], [0.212, 0.56, 0.004, 0.018, 0.026, 0.088, 0.038, 0.054], [0.002, 0.002, 0.166, 0.026, 0.002, 0.002, 0.758, 0.042], [0.072, 0.068, 0.0, 0.004, 0.064, 0.754, 0.004, 0.034], [0.018, 0.008, 0.0, 0.0, 0.924, 0.05, 0.0, 0.0], [0.072, 0.802, 0.004, 0.004, 0.074, 0.024, 0.002, 0.018], [0.026, 0.0, 0.122, 0.122, 0.002, 0.004, 0.676, 0.048], [0.934, 0.034, 0.0, 0.0, 0.004, 0.014, 0.012, 0.002], [0.208, 0.71, 0.012, 0.008, 0.014, 0.034, 0.008, 0.006], [0.012, 0.034, 0.08, 0.026, 0.008, 0.02, 0.122, 0.698], [0.012, 0.006, 0.568, 0.076, 0.002, 0.004, 0.28, 0.052], [0.198, 0.13, 0.012, 0.0, 0.482, 0.172, 0.002, 0.004], [0.152, 0.67, 0.022, 0.008, 0.058, 0.064, 0.012, 0.014], [0.82, 0.07, 0.008, 0.008, 0.02, 0.044, 0.026, 0.004], [0.002, 0.002, 0.866, 0.066, 0.0, 0.002, 0.036, 0.026], [0.006, 0.002, 0.014, 0.004, 0.0, 0.006, 0.036, 0.932], [0.05, 0.028, 0.008, 0.008, 0.02, 0.076, 0.026, 0.784], [0.2, 0.66, 0.004, 0.018, 0.04, 0.044, 0.02, 0.014], [0.006, 0.0, 0.036, 0.008, 0.002, 0.008, 0.928, 0.012], [0.148, 0.212, 0.0, 0.002, 0.236, 0.384, 0.0, 0.018], [0.03, 0.066, 0.006, 0.002, 0.21, 0.638, 0.0, 0.048], [0.606, 0.19, 0.002, 0.004, 0.06, 0.126, 0.004, 0.008], [0.002, 0.002, 0.946, 0.026, 0.0, 0.0, 0.022, 0.002], [0.016, 0.008, 0.124, 0.7, 0.004, 0.002, 0.058, 0.088], [0.008, 0.012, 0.276, 0.506, 0.0, 0.002, 0.178, 0.018], [0.162, 0.106, 0.0, 0.0, 0.5, 0.184, 0.002, 0.046], [0.004, 0.0, 0.812, 0.128, 0.0, 0.0, 0.052, 0.004], [0.116, 0.092, 0.002, 0.006, 0.04, 0.72, 0.002, 0.022], [0.034, 0.042, 0.014, 0.008, 0.016, 0.034, 0.018, 0.834], [0.064, 0.812, 0.0, 0.0, 0.076, 0.046, 0.0, 0.002], [0.018, 0.022, 0.064, 0.034, 0.01, 0.006, 0.108, 0.738], [0.01, 0.022, 0.638, 0.084, 0.002, 0.012, 0.136, 0.096], [0.004, 0.0, 0.052, 0.034, 0.0, 0.0, 0.9, 0.01], [0.13, 0.61, 0.02, 0.026, 0.062, 0.074, 0.012, 0.066], [0.004, 0.0, 0.03, 0.944, 0.002, 0.0, 0.02, 0.0], [0.02, 0.014, 0.664, 0.12, 0.006, 0.002, 0.116, 0.058], [0.022, 0.024, 0.0, 0.0, 0.902, 0.052, 0.0, 0.0], [0.024, 0.006, 0.08, 0.044, 0.008, 0.012, 0.81, 0.016], [0.002, 0.006, 0.032, 0.142, 0.0, 0.002, 0.784, 0.032], [0.138, 0.704, 0.008, 0.01, 0.044, 0.036, 0.01, 0.05], [0.012, 0.002, 0.12, 0.552, 0.0, 0.006, 0.146, 0.162], [0.004, 0.008, 0.044, 0.91, 0.0, 0.0, 0.03, 0.004], [0.012, 0.008, 0.092, 0.794, 0.0, 0.0, 0.082, 0.012], [0.196, 0.03, 0.03, 0.02, 0.562, 0.142, 0.008, 0.012], [0.022, 0.012, 0.0, 0.002, 0.288, 0.676, 0.0, 0.0], [0.008, 0.004, 0.928, 0.022, 0.0, 0.002, 0.032, 0.004], [0.006, 0.008, 0.106, 0.18, 0.002, 0.012, 0.616, 0.07], [0.004, 0.004, 0.156, 0.696, 0.0, 0.0, 0.128, 0.012], [0.13, 0.506, 0.03, 0.014, 0.098, 0.054, 0.072, 0.096], [0.026, 0.008, 0.066, 0.194, 0.0, 0.004, 0.654, 0.048], [0.0, 0.004, 0.912, 0.054, 0.0, 0.002, 0.026, 0.002], [0.612, 0.124, 0.022, 0.036, 0.124, 0.06, 0.012, 0.01], [0.002, 0.006, 0.066, 0.114, 0.0, 0.004, 0.736, 0.072], [0.172, 0.106, 0.022, 0.01, 0.52, 0.14, 0.004, 0.026], [0.002, 0.004, 0.814, 0.06, 0.0, 0.0, 0.084, 0.036], [0.012, 0.012, 0.04, 0.038, 0.002, 0.008, 0.064, 0.824], [0.664, 0.23, 0.004, 0.0, 0.044, 0.05, 0.002, 0.006], [0.582, 0.152, 0.002, 0.018, 0.056, 0.128, 0.044, 0.018], [0.092, 0.056, 0.038, 0.076, 0.014, 0.064, 0.052, 0.608], [0.116, 0.148, 0.004, 0.0, 0.628, 0.092, 0.0, 0.012], [0.018, 0.012, 0.086, 0.056, 0.002, 0.006, 0.702, 0.118], [0.522, 0.12, 0.0, 0.002, 0.088, 0.238, 0.016, 0.014], [0.012, 0.002, 0.024, 0.024, 0.0, 0.016, 0.052, 0.87], [0.628, 0.108, 0.006, 0.002, 0.048, 0.142, 0.004, 0.062], [0.654, 0.038, 0.004, 0.01, 0.22, 0.058, 0.004, 0.012], [0.04, 0.002, 0.292, 0.03, 0.004, 0.012, 0.582, 0.038], [0.012, 0.036, 0.058, 0.012, 0.008, 0.008, 0.084, 0.782], [0.07, 0.028, 0.0, 0.0, 0.04, 0.856, 0.002, 0.004], [0.032, 0.0, 0.146, 0.08, 0.0, 0.004, 0.722, 0.016], [0.006, 0.004, 0.668, 0.05, 0.002, 0.018, 0.026, 0.226], [0.104, 0.064, 0.006, 0.004, 0.138, 0.598, 0.006, 0.08], [0.75, 0.042, 0.008, 0.002, 0.126, 0.052, 0.004, 0.016], [0.002, 0.0, 0.902, 0.034, 0.0, 0.0, 0.06, 0.002], [0.11, 0.084, 0.0, 0.0, 0.648, 0.142, 0.0, 0.016], [0.174, 0.568, 0.026, 0.006, 0.08, 0.104, 0.03, 0.012], [0.008, 0.008, 0.026, 0.052, 0.01, 0.014, 0.066, 0.816], [0.016, 0.0, 0.91, 0.056, 0.0, 0.0, 0.018, 0.0], [0.01, 0.004, 0.806, 0.076, 0.0, 0.0, 0.098, 0.006], [0.016, 0.004, 0.644, 0.12, 0.0, 0.002, 0.124, 0.09], [0.008, 0.004, 0.07, 0.018, 0.002, 0.004, 0.87, 0.024], [0.004, 0.004, 0.766, 0.076, 0.0, 0.0, 0.108, 0.042], [0.01, 0.002, 0.176, 0.664, 0.002, 0.002, 0.068, 0.076], [0.068, 0.016, 0.0, 0.0, 0.796, 0.1, 0.0, 0.02], [0.014, 0.028, 0.088, 0.086, 0.004, 0.014, 0.582, 0.184], [0.004, 0.002, 0.038, 0.648, 0.0, 0.002, 0.294, 0.012], [0.01, 0.0, 0.008, 0.024, 0.0, 0.012, 0.046, 0.9], [0.016, 0.012, 0.002, 0.002, 0.924, 0.044, 0.0, 0.0], [0.102, 0.07, 0.002, 0.004, 0.094, 0.682, 0.0, 0.046], [0.01, 0.002, 0.172, 0.018, 0.0, 0.002, 0.782, 0.014], [0.648, 0.154, 0.016, 0.024, 0.058, 0.058, 0.002, 0.04], [0.012, 0.002, 0.042, 0.808, 0.002, 0.002, 0.122, 0.01], [0.156, 0.134, 0.0, 0.0, 0.622, 0.082, 0.0, 0.006], [0.022, 0.004, 0.0, 0.0, 0.942, 0.028, 0.004, 0.0], [0.086, 0.086, 0.002, 0.006, 0.082, 0.72, 0.004, 0.014], [0.522, 0.378, 0.0, 0.0, 0.052, 0.044, 0.0, 0.004], [0.004, 0.0, 0.85, 0.09, 0.0, 0.0, 0.052, 0.004], [0.066, 0.082, 0.004, 0.006, 0.228, 0.572, 0.002, 0.04], [0.0, 0.004, 0.05, 0.91, 0.002, 0.0, 0.022, 0.012], [0.136, 0.07, 0.022, 0.006, 0.572, 0.186, 0.002, 0.006], [0.08, 0.038, 0.008, 0.006, 0.526, 0.328, 0.008, 0.006], [0.13, 0.034, 0.016, 0.014, 0.664, 0.132, 0.006, 0.004], [0.056, 0.068, 0.004, 0.0, 0.77, 0.094, 0.0, 0.008], [0.194, 0.164, 0.008, 0.008, 0.506, 0.078, 0.02, 0.022]], "computation-time": 0.00499725341796875, "max-memory-usage": 44272624}