{"auroc": 0.9998474773018015, "aupr": 0.9989875752910935, "y": [0, 3, 4, 0, 1, 7, 0, 6, 1, 3, 6, 3, 6, 5, 5, 1, 2, 1, 5, 6, 7, 1, 4, 2, 7, 2, 3, 2, 4, 0, 6, 5, 0, 5, 4, 4, 0, 7, 1, 4, 4, 1, 2, 6, 5, 6, 3, 6, 1, 2, 7, 3, 3, 5, 5, 5, 5, 2, 3, 3, 1, 7, 0, 4, 7, 6, 1, 0, 2, 3, 7, 1, 3, 2, 2, 7, 4, 0, 2, 6, 4, 2, 7, 1, 4, 6, 7, 0, 4, 3, 4, 7, 5, 6, 5, 0, 0, 6, 2, 7, 6, 6, 1, 5, 2, 2, 7, 6, 3, 0, 7, 3, 5, 2, 3, 1, 6, 0, 4, 1, 6, 2, 3, 2, 6, 1, 0, 7, 0, 4, 4, 5, 4, 2, 7, 0, 4, 2, 7, 4, 0, 2, 6, 4, 3, 1, 5, 7, 3, 3, 7, 6, 4, 4, 3, 6, 7, 7, 4, 2, 0, 3, 0, 3, 1, 1, 6, 7, 3, 4, 4, 7, 7, 3, 6, 6, 0, 0, 2, 1, 7, 0, 4, 2, 0, 3, 4, 1, 2, 3, 6, 0, 2, 0, 1, 7, 3, 6, 1, 0, 3, 1, 2, 3, 1, 0, 0, 4, 0, 2, 7, 6, 1, 5, 2, 7, 4, 1, 2, 4, 2, 5, 1, 6, 5, 4, 1, 6, 0, 1, 7, 2, 4, 1, 0, 2, 7, 7, 1, 6, 5, 5, 0, 2, 3, 3, 4, 2, 5, 7, 1, 7, 2, 6, 1, 3, 2, 4, 6, 6, 1, 3, 3, 3, 4, 5, 2, 6, 3, 1, 6, 2, 0, 6, 4, 2, 7, 0, 0, 7, 4, 6, 0, 7, 0, 0, 6, 7, 5, 6, 2, 5, 0, 2, 4, 1, 7, 2, 2, 2, 6, 2, 3, 4, 6, 3, 7, 4, 5, 6, 0, 3, 4, 4, 5, 0, 2, 5, 3, 4, 4, 4, 4, 4], "y-hat": [[0.558, 0.248, 0.018, 0.02, 0.044, 0.052, 0.006, 0.054], [0.008, 0.0, 0.064, 0.846, 0.008, 0.002, 0.052, 0.02], [0.122, 0.158, 0.02, 0.014, 0.416, 0.16, 0.0, 0.11], [0.936, 0.024, 0.004, 0.012, 0.002, 0.004, 0.014, 0.004], [0.058, 0.766, 0.0, 0.0, 0.09, 0.072, 0.0, 0.014], [0.044, 0.026, 0.024, 0.024, 0.03, 0.02, 0.074, 0.758], [0.69, 0.214, 0.0, 0.0, 0.038, 0.056, 0.002, 0.0], [0.002, 0.0, 0.01, 0.01, 0.0, 0.0, 0.966, 0.012], [0.12, 0.388, 0.062, 0.05, 0.128, 0.06, 0.074, 0.118], [0.004, 0.002, 0.096, 0.802, 0.0, 0.0, 0.096, 0.0], [0.022, 0.008, 0.164, 0.054, 0.014, 0.018, 0.632, 0.088], [0.008, 0.002, 0.196, 0.596, 0.0, 0.004, 0.048, 0.146], [0.016, 0.006, 0.062, 0.11, 0.0, 0.006, 0.682, 0.118], [0.12, 0.096, 0.012, 0.004, 0.09, 0.618, 0.01, 0.05], [0.126, 0.138, 0.0, 0.002, 0.024, 0.646, 0.006, 0.058], [0.084, 0.776, 0.0, 0.0, 0.094, 0.036, 0.0, 0.01], [0.006, 0.0, 0.48, 0.06, 0.002, 0.0, 0.428, 0.024], [0.188, 0.612, 0.014, 0.054, 0.01, 0.026, 0.03, 0.066], [0.04, 0.02, 0.0, 0.002, 0.032, 0.894, 0.006, 0.006], [0.026, 0.012, 0.05, 0.138, 0.006, 0.004, 0.688, 0.076], [0.158, 0.074, 0.094, 0.046, 0.052, 0.06, 0.03, 0.486], [0.164, 0.694, 0.002, 0.0, 0.104, 0.024, 0.0, 0.012], [0.118, 0.2, 0.004, 0.002, 0.546, 0.102, 0.0, 0.028], [0.074, 0.064, 0.642, 0.054, 0.028, 0.028, 0.074, 0.036], [0.02, 0.016, 0.026, 0.052, 0.002, 0.002, 0.004, 0.878], [0.006, 0.002, 0.824, 0.138, 0.0, 0.0, 0.02, 0.01], [0.008, 0.002, 0.036, 0.872, 0.0, 0.0, 0.076, 0.006], [0.014, 0.018, 0.748, 0.04, 0.0, 0.014, 0.116, 0.05], [0.11, 0.11, 0.002, 0.002, 0.702, 0.064, 0.002, 0.008], [0.718, 0.062, 0.002, 0.01, 0.05, 0.126, 0.022, 0.01], [0.0, 0.0, 0.092, 0.034, 0.0, 0.0, 0.854, 0.02], [0.1, 0.12, 0.0, 0.002, 0.118, 0.658, 0.002, 0.0], [0.756, 0.048, 0.002, 0.0, 0.048, 0.116, 0.004, 0.026], [0.07, 0.176, 0.018, 0.008, 0.07, 0.554, 0.016, 0.088], [0.142, 0.092, 0.0, 0.0, 0.716, 0.044, 0.0, 0.006], [0.174, 0.156, 0.004, 0.0, 0.624, 0.042, 0.0, 0.0], [0.516, 0.25, 0.002, 0.012, 0.112, 0.072, 0.008, 0.028], [0.044, 0.042, 0.058, 0.062, 0.012, 0.018, 0.056, 0.708], [0.1, 0.75, 0.006, 0.004, 0.058, 0.058, 0.004, 0.02], [0.162, 0.086, 0.0, 0.008, 0.408, 0.3, 0.002, 0.034], [0.014, 0.008, 0.002, 0.0, 0.952, 0.024, 0.0, 0.0], [0.122, 0.428, 0.0, 0.0, 0.274, 0.164, 0.002, 0.01], [0.002, 0.002, 0.828, 0.078, 0.0, 0.002, 0.07, 0.018], [0.004, 0.006, 0.074, 0.046, 0.0, 0.01, 0.818, 0.042], [0.026, 0.052, 0.0, 0.0, 0.102, 0.818, 0.0, 0.002], [0.016, 0.004, 0.414, 0.092, 0.006, 0.008, 0.444, 0.016], [0.008, 0.0, 0.056, 0.794, 0.002, 0.0, 0.054, 0.086], [0.014, 0.02, 0.058, 0.216, 0.008, 0.004, 0.606, 0.074], [0.134, 0.552, 0.008, 0.0, 0.188, 0.09, 0.012, 0.016], [0.014, 0.024, 0.782, 0.096, 0.004, 0.012, 0.034, 0.034], [0.014, 0.036, 0.016, 0.012, 0.012, 0.054, 0.022, 0.834], [0.006, 0.004, 0.19, 0.65, 0.0, 0.0, 0.138, 0.012], [0.058, 0.014, 0.142, 0.704, 0.01, 0.008, 0.028, 0.036], [0.074, 0.088, 0.03, 0.032, 0.094, 0.654, 0.006, 0.022], [0.06, 0.076, 0.002, 0.004, 0.14, 0.696, 0.002, 0.02], [0.154, 0.088, 0.006, 0.008, 0.06, 0.666, 0.012, 0.006], [0.164, 0.13, 0.012, 0.006, 0.046, 0.616, 0.018, 0.008], [0.002, 0.008, 0.888, 0.044, 0.0, 0.002, 0.032, 0.024], [0.022, 0.006, 0.044, 0.766, 0.004, 0.002, 0.134, 0.022], [0.016, 0.0, 0.064, 0.832, 0.002, 0.002, 0.068, 0.016], [0.146, 0.634, 0.0, 0.002, 0.1, 0.096, 0.002, 0.02], [0.004, 0.01, 0.024, 0.068, 0.002, 0.004, 0.018, 0.87], [0.63, 0.226, 0.016, 0.008, 0.02, 0.024, 0.008, 0.068], [0.3, 0.128, 0.006, 0.004, 0.496, 0.04, 0.012, 0.014], [0.018, 0.02, 0.112, 0.014, 0.016, 0.016, 0.098, 0.706], [0.004, 0.002, 0.082, 0.212, 0.0, 0.008, 0.588, 0.104], [0.124, 0.568, 0.0, 0.014, 0.124, 0.108, 0.002, 0.06], [0.56, 0.238, 0.026, 0.016, 0.052, 0.054, 0.004, 0.05], [0.01, 0.006, 0.764, 0.056, 0.0, 0.014, 0.03, 0.12], [0.006, 0.004, 0.058, 0.862, 0.004, 0.002, 0.034, 0.03], [0.008, 0.0, 0.05, 0.068, 0.002, 0.006, 0.04, 0.826], [0.136, 0.458, 0.044, 0.044, 0.118, 0.096, 0.032, 0.072], [0.05, 0.024, 0.26, 0.404, 0.002, 0.0, 0.206, 0.054], [0.018, 0.028, 0.748, 0.118, 0.022, 0.01, 0.012, 0.044], [0.0, 0.0, 0.934, 0.028, 0.0, 0.0, 0.036, 0.002], [0.004, 0.008, 0.006, 0.026, 0.004, 0.022, 0.012, 0.918], [0.108, 0.082, 0.002, 0.0, 0.778, 0.022, 0.002, 0.006], [0.762, 0.118, 0.01, 0.006, 0.014, 0.068, 0.018, 0.004], [0.002, 0.0, 0.858, 0.05, 0.0, 0.002, 0.062, 0.026], [0.014, 0.012, 0.044, 0.208, 0.0, 0.002, 0.682, 0.038], [0.192, 0.394, 0.0, 0.004, 0.326, 0.072, 0.002, 0.01], [0.018, 0.014, 0.668, 0.08, 0.002, 0.0, 0.158, 0.06], [0.014, 0.008, 0.026, 0.056, 0.002, 0.004, 0.03, 0.86], [0.172, 0.686, 0.018, 0.024, 0.038, 0.044, 0.012, 0.006], [0.084, 0.038, 0.0, 0.0, 0.814, 0.06, 0.002, 0.002], [0.008, 0.004, 0.208, 0.04, 0.002, 0.004, 0.708, 0.026], [0.03, 0.048, 0.058, 0.072, 0.022, 0.012, 0.042, 0.716], [0.486, 0.048, 0.004, 0.008, 0.336, 0.074, 0.004, 0.04], [0.132, 0.05, 0.008, 0.002, 0.606, 0.192, 0.008, 0.002], [0.004, 0.002, 0.092, 0.786, 0.0, 0.0, 0.11, 0.006], [0.292, 0.102, 0.006, 0.002, 0.326, 0.226, 0.006, 0.04], [0.012, 0.01, 0.042, 0.016, 0.002, 0.018, 0.054, 0.846], [0.096, 0.078, 0.004, 0.0, 0.186, 0.624, 0.006, 0.006], [0.018, 0.004, 0.06, 0.188, 0.002, 0.002, 0.678, 0.048], [0.086, 0.082, 0.006, 0.002, 0.234, 0.572, 0.016, 0.002], [0.846, 0.076, 0.0, 0.004, 0.02, 0.03, 0.012, 0.012], [0.75, 0.064, 0.016, 0.034, 0.068, 0.05, 0.004, 0.014], [0.0, 0.002, 0.23, 0.064, 0.0, 0.0, 0.67, 0.034], [0.006, 0.002, 0.668, 0.108, 0.0, 0.004, 0.132, 0.08], [0.08, 0.106, 0.008, 0.08, 0.028, 0.08, 0.038, 0.58], [0.01, 0.006, 0.302, 0.09, 0.0, 0.008, 0.566, 0.018], [0.0, 0.004, 0.17, 0.024, 0.002, 0.002, 0.776, 0.022], [0.098, 0.274, 0.0, 0.002, 0.336, 0.28, 0.0, 0.01], [0.144, 0.06, 0.006, 0.002, 0.19, 0.558, 0.006, 0.034], [0.022, 0.016, 0.642, 0.044, 0.0, 0.006, 0.118, 0.152], [0.002, 0.0, 0.912, 0.04, 0.0, 0.0, 0.038, 0.008], [0.018, 0.006, 0.024, 0.06, 0.0, 0.006, 0.07, 0.816], [0.004, 0.004, 0.02, 0.026, 0.0, 0.002, 0.88, 0.064], [0.02, 0.004, 0.04, 0.61, 0.004, 0.0, 0.288, 0.034], [0.422, 0.278, 0.002, 0.004, 0.182, 0.104, 0.006, 0.002], [0.01, 0.016, 0.022, 0.02, 0.0, 0.004, 0.014, 0.914], [0.004, 0.002, 0.038, 0.698, 0.0, 0.0, 0.254, 0.004], [0.116, 0.06, 0.0, 0.0, 0.1, 0.686, 0.01, 0.028], [0.012, 0.006, 0.812, 0.066, 0.0, 0.002, 0.066, 0.036], [0.008, 0.002, 0.154, 0.724, 0.0, 0.0, 0.1, 0.012], [0.1, 0.606, 0.004, 0.004, 0.154, 0.096, 0.008, 0.028], [0.006, 0.002, 0.02, 0.028, 0.002, 0.0, 0.872, 0.07], [0.89, 0.024, 0.002, 0.008, 0.01, 0.044, 0.012, 0.01], [0.206, 0.036, 0.024, 0.026, 0.594, 0.098, 0.006, 0.01], [0.038, 0.758, 0.002, 0.006, 0.1, 0.068, 0.002, 0.026], [0.006, 0.008, 0.042, 0.046, 0.0, 0.002, 0.758, 0.138], [0.002, 0.004, 0.696, 0.132, 0.002, 0.004, 0.104, 0.056], [0.0, 0.004, 0.042, 0.908, 0.0, 0.002, 0.02, 0.024], [0.01, 0.002, 0.802, 0.052, 0.0, 0.006, 0.112, 0.016], [0.004, 0.0, 0.048, 0.058, 0.002, 0.002, 0.808, 0.078], [0.132, 0.718, 0.0, 0.002, 0.05, 0.09, 0.002, 0.006], [0.562, 0.17, 0.0, 0.008, 0.07, 0.152, 0.012, 0.026], [0.034, 0.022, 0.088, 0.056, 0.004, 0.002, 0.074, 0.72], [0.588, 0.068, 0.0, 0.0, 0.27, 0.066, 0.0, 0.008], [0.156, 0.084, 0.01, 0.002, 0.596, 0.13, 0.012, 0.01], [0.082, 0.02, 0.0, 0.002, 0.744, 0.134, 0.002, 0.016], [0.048, 0.072, 0.002, 0.0, 0.102, 0.676, 0.002, 0.098], [0.086, 0.09, 0.002, 0.0, 0.658, 0.156, 0.006, 0.002], [0.002, 0.0, 0.83, 0.06, 0.0, 0.002, 0.09, 0.016], [0.028, 0.032, 0.086, 0.038, 0.004, 0.018, 0.15, 0.644], [0.676, 0.07, 0.002, 0.002, 0.136, 0.09, 0.004, 0.02], [0.098, 0.026, 0.002, 0.008, 0.71, 0.15, 0.004, 0.002], [0.0, 0.008, 0.942, 0.022, 0.002, 0.002, 0.014, 0.01], [0.004, 0.006, 0.028, 0.028, 0.006, 0.006, 0.094, 0.828], [0.014, 0.02, 0.0, 0.0, 0.912, 0.054, 0.0, 0.0], [0.712, 0.066, 0.004, 0.0, 0.156, 0.042, 0.01, 0.01], [0.02, 0.016, 0.612, 0.148, 0.002, 0.01, 0.16, 0.032], [0.0, 0.002, 0.054, 0.03, 0.002, 0.0, 0.902, 0.01], [0.034, 0.028, 0.002, 0.002, 0.858, 0.076, 0.0, 0.0], [0.006, 0.002, 0.084, 0.694, 0.0, 0.0, 0.198, 0.016], [0.128, 0.644, 0.008, 0.006, 0.08, 0.1, 0.004, 0.03], [0.092, 0.096, 0.01, 0.004, 0.054, 0.694, 0.01, 0.04], [0.084, 0.1, 0.024, 0.082, 0.022, 0.066, 0.032, 0.59], [0.112, 0.016, 0.046, 0.668, 0.02, 0.032, 0.08, 0.026], [0.01, 0.012, 0.146, 0.716, 0.006, 0.002, 0.05, 0.058], [0.02, 0.026, 0.05, 0.04, 0.012, 0.006, 0.076, 0.77], [0.006, 0.01, 0.04, 0.082, 0.0, 0.0, 0.73, 0.132], [0.238, 0.294, 0.002, 0.004, 0.414, 0.042, 0.0, 0.006], [0.12, 0.166, 0.0, 0.004, 0.604, 0.088, 0.006, 0.012], [0.008, 0.0, 0.038, 0.944, 0.002, 0.0, 0.002, 0.006], [0.006, 0.004, 0.104, 0.108, 0.0, 0.004, 0.756, 0.018], [0.004, 0.012, 0.022, 0.034, 0.0, 0.014, 0.016, 0.898], [0.032, 0.066, 0.002, 0.01, 0.02, 0.092, 0.016, 0.762], [0.042, 0.022, 0.004, 0.0, 0.902, 0.012, 0.006, 0.012], [0.004, 0.002, 0.636, 0.056, 0.0, 0.002, 0.236, 0.064], [0.824, 0.048, 0.002, 0.012, 0.014, 0.082, 0.012, 0.006], [0.006, 0.0, 0.15, 0.608, 0.0, 0.002, 0.22, 0.014], [0.748, 0.04, 0.008, 0.026, 0.016, 0.096, 0.034, 0.032], [0.002, 0.0, 0.214, 0.704, 0.0, 0.0, 0.072, 0.008], [0.078, 0.842, 0.004, 0.004, 0.036, 0.03, 0.0, 0.006], [0.134, 0.662, 0.01, 0.002, 0.108, 0.064, 0.008, 0.012], [0.004, 0.008, 0.132, 0.192, 0.0, 0.004, 0.602, 0.058], [0.042, 0.034, 0.008, 0.008, 0.034, 0.05, 0.022, 0.802], [0.004, 0.002, 0.014, 0.964, 0.002, 0.0, 0.008, 0.006], [0.084, 0.05, 0.002, 0.0, 0.816, 0.046, 0.0, 0.002], [0.022, 0.024, 0.0, 0.0, 0.89, 0.06, 0.0, 0.004], [0.006, 0.002, 0.002, 0.008, 0.0, 0.002, 0.036, 0.944], [0.026, 0.036, 0.028, 0.01, 0.03, 0.03, 0.044, 0.796], [0.04, 0.03, 0.122, 0.64, 0.014, 0.01, 0.108, 0.036], [0.016, 0.004, 0.082, 0.104, 0.002, 0.002, 0.7, 0.09], [0.004, 0.004, 0.032, 0.04, 0.0, 0.0, 0.876, 0.044], [0.776, 0.046, 0.004, 0.004, 0.064, 0.072, 0.008, 0.026], [0.844, 0.032, 0.004, 0.022, 0.028, 0.046, 0.016, 0.008], [0.016, 0.004, 0.706, 0.138, 0.0, 0.002, 0.084, 0.05], [0.182, 0.334, 0.082, 0.034, 0.152, 0.178, 0.006, 0.032], [0.002, 0.006, 0.008, 0.014, 0.008, 0.0, 0.006, 0.956], [0.87, 0.016, 0.036, 0.026, 0.006, 0.012, 0.032, 0.002], [0.198, 0.296, 0.0, 0.002, 0.406, 0.074, 0.004, 0.02], [0.006, 0.01, 0.516, 0.074, 0.002, 0.0, 0.332, 0.06], [0.796, 0.062, 0.038, 0.036, 0.012, 0.038, 0.014, 0.004], [0.052, 0.01, 0.048, 0.778, 0.01, 0.014, 0.056, 0.032], [0.048, 0.03, 0.004, 0.0, 0.574, 0.338, 0.006, 0.0], [0.074, 0.692, 0.004, 0.0, 0.16, 0.068, 0.0, 0.002], [0.0, 0.0, 0.956, 0.02, 0.0, 0.0, 0.022, 0.002], [0.014, 0.012, 0.122, 0.514, 0.002, 0.002, 0.1, 0.234], [0.008, 0.006, 0.498, 0.1, 0.002, 0.004, 0.346, 0.036], [0.6, 0.228, 0.0, 0.0, 0.074, 0.098, 0.0, 0.0], [0.032, 0.006, 0.678, 0.052, 0.004, 0.0, 0.17, 0.058], [0.802, 0.104, 0.01, 0.014, 0.018, 0.03, 0.018, 0.004], [0.142, 0.724, 0.0, 0.0, 0.042, 0.084, 0.004, 0.004], [0.008, 0.02, 0.028, 0.032, 0.0, 0.006, 0.016, 0.89], [0.01, 0.004, 0.044, 0.836, 0.006, 0.0, 0.076, 0.024], [0.016, 0.014, 0.058, 0.026, 0.02, 0.008, 0.806, 0.052], [0.196, 0.558, 0.0, 0.0, 0.066, 0.174, 0.002, 0.004], [0.804, 0.07, 0.004, 0.034, 0.048, 0.028, 0.006, 0.006], [0.016, 0.002, 0.128, 0.7, 0.0, 0.0, 0.142, 0.012], [0.098, 0.556, 0.01, 0.008, 0.136, 0.178, 0.004, 0.01], [0.0, 0.006, 0.878, 0.06, 0.0, 0.006, 0.032, 0.018], [0.0, 0.0, 0.01, 0.98, 0.0, 0.002, 0.008, 0.0], [0.058, 0.742, 0.006, 0.02, 0.106, 0.05, 0.004, 0.014], [0.666, 0.074, 0.012, 0.014, 0.106, 0.092, 0.02, 0.016], [0.766, 0.082, 0.002, 0.01, 0.066, 0.06, 0.008, 0.006], [0.156, 0.166, 0.0, 0.0, 0.578, 0.082, 0.002, 0.016], [0.814, 0.064, 0.006, 0.006, 0.052, 0.05, 0.006, 0.002], [0.002, 0.0, 0.882, 0.054, 0.0, 0.002, 0.056, 0.004], [0.012, 0.028, 0.08, 0.014, 0.002, 0.006, 0.16, 0.698], [0.014, 0.014, 0.034, 0.14, 0.0, 0.004, 0.692, 0.102], [0.086, 0.8, 0.0, 0.002, 0.04, 0.064, 0.0, 0.008], [0.122, 0.146, 0.008, 0.006, 0.09, 0.592, 0.022, 0.014], [0.006, 0.002, 0.782, 0.102, 0.0, 0.002, 0.08, 0.026], [0.004, 0.008, 0.016, 0.012, 0.006, 0.004, 0.072, 0.878], [0.092, 0.082, 0.008, 0.0, 0.726, 0.08, 0.0, 0.012], [0.11, 0.602, 0.004, 0.004, 0.172, 0.074, 0.012, 0.022], [0.002, 0.002, 0.898, 0.056, 0.0, 0.0, 0.034, 0.008], [0.08, 0.218, 0.01, 0.01, 0.526, 0.106, 0.004, 0.046], [0.002, 0.016, 0.834, 0.114, 0.0, 0.0, 0.032, 0.002], [0.026, 0.022, 0.0, 0.0, 0.11, 0.838, 0.002, 0.002], [0.24, 0.518, 0.004, 0.022, 0.03, 0.086, 0.02, 0.08], [0.004, 0.0, 0.154, 0.02, 0.0, 0.0, 0.798, 0.024], [0.068, 0.07, 0.002, 0.002, 0.062, 0.752, 0.006, 0.038], [0.032, 0.006, 0.0, 0.0, 0.904, 0.058, 0.0, 0.0], [0.074, 0.822, 0.002, 0.004, 0.054, 0.018, 0.004, 0.022], [0.026, 0.004, 0.086, 0.156, 0.0, 0.006, 0.662, 0.06], [0.926, 0.032, 0.0, 0.0, 0.006, 0.034, 0.002, 0.0], [0.192, 0.688, 0.016, 0.014, 0.018, 0.044, 0.012, 0.016], [0.03, 0.03, 0.066, 0.04, 0.01, 0.016, 0.118, 0.69], [0.006, 0.004, 0.54, 0.078, 0.002, 0.004, 0.298, 0.068], [0.162, 0.118, 0.012, 0.004, 0.498, 0.196, 0.004, 0.006], [0.166, 0.638, 0.008, 0.012, 0.048, 0.098, 0.024, 0.006], [0.818, 0.064, 0.004, 0.002, 0.036, 0.048, 0.018, 0.01], [0.004, 0.012, 0.83, 0.068, 0.0, 0.002, 0.048, 0.036], [0.024, 0.004, 0.01, 0.004, 0.002, 0.004, 0.038, 0.914], [0.058, 0.032, 0.004, 0.01, 0.018, 0.05, 0.03, 0.798], [0.176, 0.696, 0.002, 0.012, 0.05, 0.032, 0.022, 0.01], [0.01, 0.002, 0.026, 0.038, 0.002, 0.01, 0.9, 0.012], [0.142, 0.188, 0.002, 0.0, 0.25, 0.406, 0.004, 0.008], [0.032, 0.074, 0.008, 0.0, 0.196, 0.654, 0.0, 0.036], [0.618, 0.178, 0.012, 0.004, 0.054, 0.112, 0.002, 0.02], [0.002, 0.006, 0.958, 0.018, 0.0, 0.0, 0.014, 0.002], [0.022, 0.006, 0.144, 0.676, 0.004, 0.006, 0.054, 0.088], [0.022, 0.012, 0.25, 0.504, 0.0, 0.002, 0.17, 0.04], [0.264, 0.086, 0.002, 0.0, 0.442, 0.168, 0.006, 0.032], [0.002, 0.01, 0.822, 0.128, 0.0, 0.0, 0.036, 0.002], [0.092, 0.054, 0.006, 0.006, 0.046, 0.762, 0.004, 0.03], [0.024, 0.056, 0.002, 0.008, 0.01, 0.04, 0.01, 0.85], [0.082, 0.796, 0.0, 0.0, 0.074, 0.038, 0.006, 0.004], [0.028, 0.032, 0.088, 0.036, 0.012, 0.004, 0.098, 0.702], [0.012, 0.02, 0.564, 0.084, 0.002, 0.02, 0.178, 0.12], [0.0, 0.0, 0.058, 0.034, 0.0, 0.0, 0.884, 0.024], [0.148, 0.566, 0.01, 0.028, 0.06, 0.08, 0.016, 0.092], [0.016, 0.0, 0.052, 0.874, 0.0, 0.0, 0.054, 0.004], [0.014, 0.012, 0.71, 0.096, 0.004, 0.01, 0.102, 0.052], [0.036, 0.028, 0.0, 0.0, 0.882, 0.048, 0.0, 0.006], [0.022, 0.006, 0.094, 0.056, 0.008, 0.032, 0.746, 0.036], [0.004, 0.006, 0.028, 0.154, 0.002, 0.004, 0.756, 0.046], [0.13, 0.706, 0.008, 0.012, 0.04, 0.036, 0.006, 0.062], [0.016, 0.002, 0.114, 0.556, 0.002, 0.006, 0.13, 0.174], [0.002, 0.002, 0.022, 0.95, 0.0, 0.004, 0.008, 0.012], [0.002, 0.004, 0.098, 0.814, 0.0, 0.0, 0.078, 0.004], [0.158, 0.052, 0.018, 0.026, 0.572, 0.148, 0.014, 0.012], [0.014, 0.008, 0.0, 0.0, 0.286, 0.69, 0.0, 0.002], [0.002, 0.006, 0.92, 0.036, 0.0, 0.0, 0.026, 0.01], [0.002, 0.006, 0.108, 0.19, 0.004, 0.002, 0.64, 0.048], [0.002, 0.004, 0.164, 0.712, 0.0, 0.0, 0.114, 0.004], [0.14, 0.52, 0.038, 0.02, 0.078, 0.036, 0.078, 0.09], [0.046, 0.01, 0.064, 0.168, 0.008, 0.006, 0.632, 0.066], [0.002, 0.006, 0.914, 0.056, 0.002, 0.0, 0.018, 0.002], [0.628, 0.136, 0.018, 0.018, 0.104, 0.062, 0.012, 0.022], [0.006, 0.004, 0.054, 0.116, 0.0, 0.002, 0.76, 0.058], [0.198, 0.068, 0.04, 0.034, 0.538, 0.098, 0.002, 0.022], [0.008, 0.006, 0.818, 0.036, 0.0, 0.004, 0.102, 0.026], [0.004, 0.016, 0.024, 0.028, 0.002, 0.01, 0.046, 0.87], [0.664, 0.216, 0.008, 0.0, 0.042, 0.042, 0.012, 0.016], [0.568, 0.142, 0.004, 0.018, 0.07, 0.152, 0.018, 0.028], [0.076, 0.068, 0.034, 0.096, 0.02, 0.058, 0.066, 0.582], [0.094, 0.136, 0.004, 0.0, 0.676, 0.076, 0.002, 0.012], [0.032, 0.01, 0.086, 0.062, 0.004, 0.01, 0.69, 0.106], [0.548, 0.098, 0.002, 0.01, 0.058, 0.23, 0.02, 0.034], [0.018, 0.004, 0.018, 0.014, 0.006, 0.016, 0.056, 0.868], [0.672, 0.114, 0.002, 0.004, 0.042, 0.11, 0.006, 0.05], [0.66, 0.03, 0.004, 0.012, 0.21, 0.058, 0.004, 0.022], [0.03, 0.012, 0.212, 0.052, 0.024, 0.03, 0.614, 0.026], [0.02, 0.028, 0.046, 0.01, 0.016, 0.004, 0.07, 0.806], [0.062, 0.042, 0.0, 0.002, 0.038, 0.842, 0.002, 0.012], [0.012, 0.004, 0.15, 0.07, 0.0, 0.002, 0.748, 0.014], [0.006, 0.014, 0.712, 0.05, 0.0, 0.01, 0.048, 0.16], [0.088, 0.07, 0.004, 0.006, 0.156, 0.616, 0.006, 0.054], [0.738, 0.044, 0.006, 0.004, 0.156, 0.044, 0.002, 0.006], [0.0, 0.0, 0.928, 0.028, 0.0, 0.002, 0.042, 0.0], [0.136, 0.056, 0.002, 0.0, 0.684, 0.11, 0.004, 0.008], [0.156, 0.674, 0.014, 0.014, 0.056, 0.072, 0.014, 0.0], [0.024, 0.002, 0.034, 0.056, 0.004, 0.026, 0.068, 0.786], [0.006, 0.008, 0.888, 0.066, 0.0, 0.002, 0.022, 0.008], [0.012, 0.0, 0.77, 0.068, 0.004, 0.004, 0.126, 0.016], [0.036, 0.004, 0.54, 0.112, 0.0, 0.006, 0.172, 0.13], [0.008, 0.0, 0.052, 0.012, 0.006, 0.006, 0.904, 0.012], [0.0, 0.01, 0.802, 0.058, 0.002, 0.002, 0.104, 0.022], [0.012, 0.002, 0.192, 0.626, 0.012, 0.004, 0.074, 0.078], [0.118, 0.008, 0.0, 0.002, 0.75, 0.108, 0.002, 0.012], [0.004, 0.024, 0.07, 0.096, 0.002, 0.01, 0.624, 0.17], [0.004, 0.006, 0.052, 0.64, 0.002, 0.0, 0.288, 0.008], [0.006, 0.006, 0.016, 0.046, 0.008, 0.008, 0.048, 0.862], [0.028, 0.018, 0.002, 0.004, 0.884, 0.056, 0.002, 0.006], [0.112, 0.084, 0.004, 0.002, 0.076, 0.664, 0.01, 0.048], [0.0, 0.0, 0.13, 0.014, 0.0, 0.0, 0.836, 0.02], [0.626, 0.138, 0.024, 0.044, 0.076, 0.042, 0.01, 0.04], [0.012, 0.0, 0.038, 0.778, 0.0, 0.0, 0.15, 0.022], [0.174, 0.124, 0.0, 0.0, 0.596, 0.1, 0.004, 0.002], [0.004, 0.002, 0.0, 0.0, 0.966, 0.028, 0.0, 0.0], [0.094, 0.072, 0.002, 0.0, 0.106, 0.712, 0.006, 0.008], [0.572, 0.344, 0.0, 0.0, 0.036, 0.038, 0.006, 0.004], [0.002, 0.006, 0.848, 0.086, 0.0, 0.0, 0.056, 0.002], [0.084, 0.07, 0.004, 0.002, 0.208, 0.592, 0.0, 0.04], [0.004, 0.006, 0.028, 0.94, 0.0, 0.002, 0.02, 0.0], [0.13, 0.058, 0.022, 0.004, 0.566, 0.206, 0.012, 0.002], [0.068, 0.032, 0.006, 0.002, 0.552, 0.322, 0.012, 0.006], [0.098, 0.026, 0.01, 0.022, 0.672, 0.158, 0.012, 0.002], [0.032, 0.096, 0.006, 0.008, 0.748, 0.086, 0.006, 0.018], [0.222, 0.126, 0.002, 0.01, 0.5, 0.092, 0.024, 0.024]], "computation-time": 0.11165833473205566, "max-memory-usage": 48326539}