{"auroc": 0.9999255608427258, "aupr": 0.9995093368559177, "y": [0, 3, 4, 0, 1, 7, 0, 6, 1, 3, 6, 3, 6, 5, 5, 1, 2, 1, 5, 6, 7, 1, 4, 2, 7, 2, 3, 2, 4, 0, 6, 5, 0, 5, 4, 4, 0, 7, 1, 4, 4, 1, 2, 6, 5, 6, 3, 6, 1, 2, 7, 3, 3, 5, 5, 5, 5, 2, 3, 3, 1, 7, 0, 4, 7, 6, 1, 0, 2, 3, 7, 1, 3, 2, 2, 7, 4, 0, 2, 6, 4, 2, 7, 1, 4, 6, 7, 0, 4, 3, 4, 7, 5, 6, 5, 0, 0, 6, 2, 7, 6, 6, 1, 5, 2, 2, 7, 6, 3, 0, 7, 3, 5, 2, 3, 1, 6, 0, 4, 1, 6, 2, 3, 2, 6, 1, 0, 7, 0, 4, 4, 5, 4, 2, 7, 0, 4, 2, 7, 4, 0, 2, 6, 4, 3, 1, 5, 7, 3, 3, 7, 6, 4, 4, 3, 6, 7, 7, 4, 2, 0, 3, 0, 3, 1, 1, 6, 7, 3, 4, 4, 7, 7, 3, 6, 6, 0, 0, 2, 1, 7, 0, 4, 2, 0, 3, 4, 1, 2, 3, 6, 0, 2, 0, 1, 7, 3, 6, 1, 0, 3, 1, 2, 3, 1, 0, 0, 4, 0, 2, 7, 6, 1, 5, 2, 7, 4, 1, 2, 4, 2, 5, 1, 6, 5, 4, 1, 6, 0, 1, 7, 2, 4, 1, 0, 2, 7, 7, 1, 6, 5, 5, 0, 2, 3, 3, 4, 2, 5, 7, 1, 7, 2, 6, 1, 3, 2, 4, 6, 6, 1, 3, 3, 3, 4, 5, 2, 6, 3, 1, 6, 2, 0, 6, 4, 2, 7, 0, 0, 7, 4, 6, 0, 7, 0, 0, 6, 7, 5, 6, 2, 5, 0, 2, 4, 1, 7, 2, 2, 2, 6, 2, 3, 4, 6, 3, 7, 4, 5, 6, 0, 3, 4, 4, 5, 0, 2, 5, 3, 4, 4, 4, 4, 4], "y-hat": [[0.602, 0.18, 0.002, 0.006, 0.102, 0.086, 0.004, 0.018], [0.004, 0.002, 0.044, 0.914, 0.0, 0.002, 0.034, 0.0], [0.042, 0.044, 0.006, 0.018, 0.752, 0.07, 0.002, 0.066], [0.974, 0.012, 0.0, 0.004, 0.002, 0.004, 0.002, 0.002], [0.058, 0.79, 0.0, 0.002, 0.086, 0.056, 0.002, 0.006], [0.006, 0.01, 0.02, 0.036, 0.008, 0.002, 0.042, 0.876], [0.626, 0.29, 0.006, 0.006, 0.04, 0.026, 0.006, 0.0], [0.0, 0.0, 0.01, 0.004, 0.0, 0.002, 0.98, 0.004], [0.082, 0.592, 0.036, 0.048, 0.072, 0.066, 0.058, 0.046], [0.004, 0.0, 0.06, 0.846, 0.002, 0.002, 0.084, 0.002], [0.014, 0.004, 0.152, 0.064, 0.002, 0.004, 0.72, 0.04], [0.04, 0.012, 0.084, 0.638, 0.006, 0.006, 0.034, 0.18], [0.014, 0.012, 0.058, 0.038, 0.014, 0.006, 0.806, 0.052], [0.114, 0.048, 0.01, 0.014, 0.182, 0.52, 0.002, 0.11], [0.118, 0.166, 0.0, 0.004, 0.068, 0.612, 0.004, 0.028], [0.06, 0.744, 0.0, 0.002, 0.124, 0.052, 0.0, 0.018], [0.002, 0.0, 0.756, 0.014, 0.002, 0.002, 0.214, 0.01], [0.21, 0.65, 0.006, 0.03, 0.034, 0.038, 0.002, 0.03], [0.044, 0.018, 0.0, 0.004, 0.032, 0.89, 0.004, 0.008], [0.024, 0.006, 0.06, 0.096, 0.004, 0.006, 0.796, 0.008], [0.092, 0.016, 0.044, 0.036, 0.182, 0.114, 0.01, 0.506], [0.11, 0.748, 0.008, 0.004, 0.088, 0.02, 0.008, 0.014], [0.094, 0.212, 0.0, 0.002, 0.608, 0.06, 0.0, 0.024], [0.066, 0.048, 0.65, 0.026, 0.042, 0.048, 0.07, 0.05], [0.024, 0.004, 0.024, 0.036, 0.018, 0.018, 0.016, 0.86], [0.002, 0.004, 0.89, 0.066, 0.004, 0.002, 0.03, 0.002], [0.006, 0.002, 0.038, 0.92, 0.0, 0.0, 0.034, 0.0], [0.006, 0.006, 0.802, 0.082, 0.004, 0.004, 0.084, 0.012], [0.088, 0.08, 0.0, 0.006, 0.76, 0.06, 0.002, 0.004], [0.772, 0.054, 0.004, 0.01, 0.032, 0.118, 0.008, 0.002], [0.004, 0.002, 0.09, 0.042, 0.004, 0.0, 0.856, 0.002], [0.05, 0.164, 0.022, 0.008, 0.158, 0.582, 0.01, 0.006], [0.768, 0.042, 0.0, 0.008, 0.02, 0.132, 0.006, 0.024], [0.044, 0.128, 0.006, 0.006, 0.094, 0.708, 0.0, 0.014], [0.13, 0.12, 0.002, 0.0, 0.7, 0.044, 0.0, 0.004], [0.268, 0.216, 0.002, 0.0, 0.498, 0.016, 0.0, 0.0], [0.768, 0.102, 0.008, 0.016, 0.082, 0.018, 0.002, 0.004], [0.036, 0.024, 0.048, 0.056, 0.028, 0.016, 0.038, 0.754], [0.108, 0.848, 0.004, 0.0, 0.028, 0.008, 0.0, 0.004], [0.154, 0.142, 0.01, 0.028, 0.448, 0.17, 0.0, 0.048], [0.046, 0.018, 0.004, 0.008, 0.892, 0.018, 0.006, 0.008], [0.152, 0.528, 0.006, 0.01, 0.236, 0.056, 0.004, 0.008], [0.002, 0.002, 0.832, 0.064, 0.004, 0.002, 0.056, 0.038], [0.026, 0.002, 0.158, 0.038, 0.008, 0.006, 0.736, 0.026], [0.02, 0.05, 0.0, 0.002, 0.072, 0.854, 0.0, 0.002], [0.002, 0.0, 0.298, 0.08, 0.002, 0.01, 0.602, 0.006], [0.032, 0.012, 0.03, 0.762, 0.01, 0.004, 0.036, 0.114], [0.032, 0.008, 0.072, 0.354, 0.01, 0.014, 0.49, 0.02], [0.11, 0.636, 0.006, 0.018, 0.128, 0.046, 0.006, 0.05], [0.034, 0.012, 0.828, 0.046, 0.008, 0.01, 0.028, 0.034], [0.066, 0.026, 0.016, 0.018, 0.028, 0.062, 0.028, 0.756], [0.006, 0.0, 0.138, 0.472, 0.0, 0.0, 0.354, 0.03], [0.034, 0.002, 0.156, 0.726, 0.028, 0.004, 0.022, 0.028], [0.098, 0.052, 0.018, 0.022, 0.048, 0.732, 0.012, 0.018], [0.05, 0.098, 0.0, 0.0, 0.134, 0.706, 0.002, 0.01], [0.102, 0.046, 0.02, 0.014, 0.046, 0.736, 0.02, 0.016], [0.148, 0.098, 0.008, 0.012, 0.03, 0.642, 0.046, 0.016], [0.008, 0.0, 0.85, 0.026, 0.002, 0.006, 0.092, 0.016], [0.004, 0.0, 0.022, 0.936, 0.0, 0.002, 0.036, 0.0], [0.02, 0.002, 0.074, 0.82, 0.004, 0.004, 0.05, 0.026], [0.13, 0.672, 0.0, 0.0, 0.098, 0.088, 0.0, 0.012], [0.0, 0.002, 0.016, 0.038, 0.004, 0.016, 0.014, 0.91], [0.898, 0.062, 0.002, 0.0, 0.026, 0.01, 0.0, 0.002], [0.2, 0.204, 0.004, 0.002, 0.506, 0.07, 0.002, 0.012], [0.016, 0.008, 0.038, 0.032, 0.026, 0.01, 0.068, 0.802], [0.018, 0.004, 0.104, 0.08, 0.014, 0.014, 0.7, 0.066], [0.132, 0.632, 0.002, 0.006, 0.128, 0.088, 0.0, 0.012], [0.546, 0.184, 0.0, 0.006, 0.146, 0.102, 0.004, 0.012], [0.002, 0.016, 0.814, 0.046, 0.014, 0.01, 0.024, 0.074], [0.006, 0.012, 0.03, 0.864, 0.006, 0.016, 0.038, 0.028], [0.004, 0.002, 0.02, 0.042, 0.02, 0.032, 0.004, 0.876], [0.15, 0.558, 0.028, 0.03, 0.074, 0.114, 0.028, 0.018], [0.048, 0.032, 0.368, 0.296, 0.008, 0.002, 0.17, 0.076], [0.022, 0.016, 0.754, 0.136, 0.024, 0.006, 0.034, 0.008], [0.0, 0.0, 0.922, 0.026, 0.0, 0.0, 0.052, 0.0], [0.022, 0.014, 0.016, 0.012, 0.034, 0.054, 0.024, 0.824], [0.078, 0.104, 0.004, 0.002, 0.774, 0.03, 0.0, 0.008], [0.858, 0.052, 0.002, 0.008, 0.026, 0.048, 0.004, 0.002], [0.004, 0.0, 0.864, 0.038, 0.002, 0.002, 0.066, 0.024], [0.006, 0.01, 0.064, 0.114, 0.004, 0.006, 0.77, 0.026], [0.09, 0.398, 0.002, 0.008, 0.448, 0.036, 0.008, 0.01], [0.016, 0.012, 0.776, 0.054, 0.002, 0.0, 0.118, 0.022], [0.012, 0.004, 0.022, 0.036, 0.038, 0.028, 0.012, 0.848], [0.114, 0.74, 0.008, 0.016, 0.056, 0.056, 0.002, 0.008], [0.116, 0.034, 0.006, 0.006, 0.784, 0.04, 0.002, 0.012], [0.0, 0.006, 0.286, 0.066, 0.0, 0.006, 0.632, 0.004], [0.038, 0.034, 0.066, 0.082, 0.046, 0.024, 0.07, 0.64], [0.474, 0.038, 0.006, 0.02, 0.272, 0.134, 0.002, 0.054], [0.072, 0.126, 0.076, 0.034, 0.526, 0.124, 0.018, 0.024], [0.002, 0.002, 0.03, 0.884, 0.004, 0.002, 0.068, 0.008], [0.18, 0.134, 0.004, 0.016, 0.44, 0.162, 0.006, 0.058], [0.014, 0.01, 0.012, 0.018, 0.012, 0.01, 0.042, 0.882], [0.1, 0.044, 0.012, 0.01, 0.204, 0.59, 0.004, 0.036], [0.018, 0.002, 0.07, 0.14, 0.004, 0.004, 0.742, 0.02], [0.072, 0.07, 0.014, 0.01, 0.224, 0.594, 0.008, 0.008], [0.886, 0.05, 0.0, 0.0, 0.02, 0.038, 0.0, 0.006], [0.752, 0.038, 0.006, 0.016, 0.104, 0.066, 0.002, 0.016], [0.008, 0.002, 0.24, 0.074, 0.0, 0.002, 0.656, 0.018], [0.0, 0.004, 0.658, 0.072, 0.002, 0.008, 0.144, 0.112], [0.144, 0.064, 0.024, 0.048, 0.062, 0.156, 0.056, 0.446], [0.008, 0.0, 0.154, 0.052, 0.006, 0.002, 0.772, 0.006], [0.004, 0.002, 0.34, 0.036, 0.0, 0.002, 0.614, 0.002], [0.118, 0.468, 0.01, 0.01, 0.254, 0.124, 0.002, 0.014], [0.122, 0.078, 0.0, 0.0, 0.236, 0.522, 0.008, 0.034], [0.006, 0.004, 0.554, 0.042, 0.006, 0.012, 0.178, 0.198], [0.0, 0.0, 0.924, 0.014, 0.002, 0.0, 0.06, 0.0], [0.012, 0.002, 0.01, 0.038, 0.004, 0.022, 0.046, 0.866], [0.012, 0.002, 0.02, 0.036, 0.004, 0.002, 0.804, 0.12], [0.006, 0.0, 0.028, 0.744, 0.0, 0.004, 0.212, 0.006], [0.686, 0.184, 0.0, 0.004, 0.11, 0.012, 0.0, 0.004], [0.006, 0.006, 0.012, 0.026, 0.018, 0.02, 0.032, 0.88], [0.018, 0.006, 0.044, 0.75, 0.0, 0.002, 0.164, 0.016], [0.138, 0.064, 0.0, 0.008, 0.066, 0.696, 0.002, 0.026], [0.012, 0.008, 0.774, 0.046, 0.006, 0.008, 0.12, 0.026], [0.016, 0.008, 0.218, 0.556, 0.004, 0.008, 0.158, 0.032], [0.028, 0.724, 0.006, 0.012, 0.066, 0.046, 0.006, 0.112], [0.006, 0.002, 0.024, 0.032, 0.004, 0.024, 0.86, 0.048], [0.926, 0.022, 0.0, 0.008, 0.0, 0.038, 0.002, 0.004], [0.22, 0.04, 0.024, 0.028, 0.634, 0.036, 0.008, 0.01], [0.068, 0.72, 0.012, 0.024, 0.144, 0.028, 0.0, 0.004], [0.036, 0.006, 0.044, 0.05, 0.002, 0.004, 0.698, 0.16], [0.016, 0.002, 0.672, 0.09, 0.004, 0.01, 0.176, 0.03], [0.0, 0.004, 0.02, 0.934, 0.004, 0.002, 0.016, 0.02], [0.004, 0.0, 0.816, 0.038, 0.0, 0.006, 0.114, 0.022], [0.002, 0.008, 0.044, 0.078, 0.0, 0.002, 0.826, 0.04], [0.098, 0.8, 0.0, 0.002, 0.064, 0.03, 0.002, 0.004], [0.602, 0.168, 0.002, 0.016, 0.068, 0.112, 0.006, 0.026], [0.038, 0.032, 0.052, 0.038, 0.046, 0.012, 0.06, 0.722], [0.714, 0.054, 0.002, 0.004, 0.172, 0.044, 0.0, 0.01], [0.094, 0.116, 0.07, 0.042, 0.544, 0.094, 0.02, 0.02], [0.092, 0.022, 0.002, 0.002, 0.586, 0.25, 0.002, 0.044], [0.066, 0.036, 0.0, 0.002, 0.172, 0.634, 0.0, 0.09], [0.102, 0.134, 0.0, 0.006, 0.64, 0.094, 0.004, 0.02], [0.024, 0.01, 0.594, 0.064, 0.01, 0.004, 0.27, 0.024], [0.034, 0.006, 0.122, 0.054, 0.022, 0.022, 0.124, 0.616], [0.744, 0.046, 0.0, 0.012, 0.09, 0.078, 0.008, 0.022], [0.086, 0.02, 0.008, 0.008, 0.828, 0.038, 0.004, 0.008], [0.002, 0.0, 0.89, 0.06, 0.004, 0.004, 0.026, 0.014], [0.052, 0.008, 0.018, 0.018, 0.022, 0.014, 0.072, 0.796], [0.046, 0.028, 0.004, 0.014, 0.862, 0.038, 0.0, 0.008], [0.79, 0.044, 0.006, 0.01, 0.086, 0.038, 0.008, 0.018], [0.042, 0.014, 0.53, 0.266, 0.034, 0.014, 0.07, 0.03], [0.008, 0.002, 0.072, 0.022, 0.0, 0.0, 0.89, 0.006], [0.058, 0.038, 0.012, 0.008, 0.756, 0.1, 0.008, 0.02], [0.018, 0.006, 0.152, 0.464, 0.004, 0.006, 0.326, 0.024], [0.102, 0.636, 0.016, 0.032, 0.112, 0.046, 0.004, 0.052], [0.084, 0.026, 0.006, 0.008, 0.122, 0.702, 0.002, 0.05], [0.138, 0.054, 0.016, 0.052, 0.044, 0.162, 0.054, 0.48], [0.008, 0.002, 0.048, 0.846, 0.004, 0.0, 0.066, 0.026], [0.018, 0.016, 0.076, 0.836, 0.018, 0.006, 0.012, 0.018], [0.026, 0.038, 0.036, 0.018, 0.05, 0.008, 0.056, 0.768], [0.006, 0.008, 0.044, 0.026, 0.004, 0.012, 0.828, 0.072], [0.096, 0.344, 0.008, 0.01, 0.486, 0.038, 0.004, 0.014], [0.118, 0.148, 0.0, 0.002, 0.632, 0.088, 0.0, 0.012], [0.006, 0.0, 0.044, 0.932, 0.0, 0.002, 0.016, 0.0], [0.004, 0.0, 0.1, 0.114, 0.002, 0.014, 0.714, 0.052], [0.008, 0.004, 0.002, 0.016, 0.014, 0.03, 0.0, 0.926], [0.048, 0.042, 0.002, 0.014, 0.026, 0.034, 0.012, 0.822], [0.052, 0.026, 0.0, 0.004, 0.882, 0.01, 0.006, 0.02], [0.01, 0.008, 0.536, 0.068, 0.0, 0.004, 0.332, 0.042], [0.822, 0.022, 0.01, 0.024, 0.01, 0.104, 0.004, 0.004], [0.018, 0.004, 0.088, 0.786, 0.004, 0.002, 0.09, 0.008], [0.73, 0.09, 0.012, 0.022, 0.03, 0.072, 0.016, 0.028], [0.012, 0.004, 0.122, 0.664, 0.002, 0.0, 0.18, 0.016], [0.082, 0.832, 0.01, 0.004, 0.022, 0.044, 0.002, 0.004], [0.066, 0.732, 0.01, 0.018, 0.064, 0.036, 0.012, 0.062], [0.0, 0.0, 0.118, 0.13, 0.002, 0.014, 0.694, 0.042], [0.022, 0.014, 0.002, 0.01, 0.018, 0.022, 0.008, 0.904], [0.002, 0.008, 0.018, 0.95, 0.004, 0.01, 0.006, 0.002], [0.134, 0.132, 0.004, 0.0, 0.678, 0.048, 0.002, 0.002], [0.09, 0.046, 0.004, 0.006, 0.784, 0.052, 0.002, 0.016], [0.004, 0.0, 0.004, 0.004, 0.004, 0.006, 0.014, 0.964], [0.004, 0.02, 0.04, 0.02, 0.018, 0.014, 0.034, 0.85], [0.006, 0.01, 0.102, 0.782, 0.014, 0.006, 0.072, 0.008], [0.018, 0.016, 0.092, 0.1, 0.006, 0.008, 0.678, 0.082], [0.0, 0.002, 0.024, 0.022, 0.0, 0.0, 0.94, 0.012], [0.726, 0.05, 0.004, 0.02, 0.072, 0.09, 0.002, 0.036], [0.904, 0.03, 0.002, 0.01, 0.014, 0.03, 0.006, 0.004], [0.008, 0.008, 0.798, 0.038, 0.006, 0.008, 0.1, 0.034], [0.122, 0.32, 0.044, 0.026, 0.214, 0.258, 0.014, 0.002], [0.0, 0.002, 0.004, 0.028, 0.018, 0.016, 0.008, 0.924], [0.9, 0.028, 0.01, 0.016, 0.02, 0.016, 0.01, 0.0], [0.166, 0.312, 0.0, 0.002, 0.476, 0.03, 0.0, 0.014], [0.028, 0.01, 0.402, 0.074, 0.012, 0.014, 0.418, 0.042], [0.872, 0.026, 0.042, 0.018, 0.012, 0.012, 0.01, 0.008], [0.004, 0.0, 0.032, 0.874, 0.002, 0.006, 0.068, 0.014], [0.068, 0.02, 0.006, 0.006, 0.636, 0.258, 0.006, 0.0], [0.076, 0.78, 0.0, 0.0, 0.112, 0.03, 0.0, 0.002], [0.0, 0.0, 0.954, 0.008, 0.004, 0.0, 0.03, 0.004], [0.036, 0.008, 0.018, 0.574, 0.016, 0.014, 0.046, 0.288], [0.016, 0.002, 0.494, 0.09, 0.006, 0.002, 0.374, 0.016], [0.594, 0.238, 0.016, 0.008, 0.05, 0.08, 0.01, 0.004], [0.012, 0.006, 0.776, 0.036, 0.004, 0.01, 0.122, 0.034], [0.844, 0.076, 0.002, 0.004, 0.042, 0.026, 0.004, 0.002], [0.168, 0.714, 0.004, 0.0, 0.048, 0.062, 0.002, 0.002], [0.02, 0.008, 0.008, 0.034, 0.026, 0.024, 0.014, 0.866], [0.0, 0.004, 0.026, 0.922, 0.002, 0.0, 0.044, 0.002], [0.006, 0.002, 0.092, 0.034, 0.0, 0.004, 0.852, 0.01], [0.178, 0.488, 0.0, 0.0, 0.102, 0.226, 0.002, 0.004], [0.836, 0.052, 0.008, 0.022, 0.052, 0.026, 0.0, 0.004], [0.026, 0.0, 0.198, 0.5, 0.008, 0.006, 0.24, 0.022], [0.12, 0.47, 0.028, 0.016, 0.126, 0.226, 0.012, 0.002], [0.02, 0.01, 0.74, 0.06, 0.004, 0.006, 0.09, 0.07], [0.0, 0.0, 0.008, 0.97, 0.0, 0.0, 0.02, 0.002], [0.058, 0.698, 0.02, 0.028, 0.16, 0.032, 0.002, 0.002], [0.75, 0.04, 0.012, 0.018, 0.092, 0.076, 0.004, 0.008], [0.798, 0.042, 0.004, 0.004, 0.044, 0.102, 0.002, 0.004], [0.066, 0.224, 0.002, 0.006, 0.666, 0.022, 0.006, 0.008], [0.826, 0.028, 0.002, 0.004, 0.084, 0.056, 0.0, 0.0], [0.016, 0.006, 0.702, 0.05, 0.006, 0.004, 0.196, 0.02], [0.008, 0.026, 0.03, 0.024, 0.022, 0.02, 0.158, 0.712], [0.006, 0.008, 0.052, 0.128, 0.0, 0.008, 0.746, 0.052], [0.078, 0.776, 0.0, 0.004, 0.092, 0.042, 0.0, 0.008], [0.088, 0.084, 0.022, 0.006, 0.03, 0.708, 0.036, 0.026], [0.008, 0.002, 0.78, 0.076, 0.0, 0.004, 0.116, 0.014], [0.01, 0.014, 0.01, 0.038, 0.008, 0.002, 0.03, 0.888], [0.09, 0.078, 0.0, 0.004, 0.782, 0.036, 0.0, 0.01], [0.056, 0.602, 0.006, 0.026, 0.118, 0.05, 0.016, 0.126], [0.002, 0.0, 0.926, 0.024, 0.0, 0.0, 0.044, 0.004], [0.052, 0.094, 0.002, 0.014, 0.718, 0.098, 0.002, 0.02], [0.004, 0.004, 0.806, 0.104, 0.0, 0.0, 0.078, 0.004], [0.024, 0.0, 0.0, 0.002, 0.046, 0.922, 0.002, 0.004], [0.168, 0.588, 0.004, 0.01, 0.072, 0.134, 0.006, 0.018], [0.008, 0.004, 0.276, 0.074, 0.0, 0.004, 0.614, 0.02], [0.026, 0.052, 0.0, 0.0, 0.046, 0.87, 0.0, 0.006], [0.028, 0.024, 0.0, 0.004, 0.92, 0.014, 0.002, 0.008], [0.026, 0.842, 0.002, 0.012, 0.054, 0.024, 0.008, 0.032], [0.014, 0.008, 0.084, 0.082, 0.006, 0.016, 0.754, 0.036], [0.934, 0.028, 0.004, 0.0, 0.002, 0.024, 0.004, 0.004], [0.18, 0.73, 0.008, 0.006, 0.044, 0.028, 0.002, 0.002], [0.014, 0.03, 0.062, 0.046, 0.02, 0.016, 0.052, 0.76], [0.026, 0.002, 0.456, 0.078, 0.006, 0.012, 0.388, 0.032], [0.11, 0.146, 0.07, 0.04, 0.474, 0.124, 0.018, 0.018], [0.162, 0.678, 0.002, 0.0, 0.09, 0.068, 0.0, 0.0], [0.794, 0.114, 0.0, 0.008, 0.052, 0.02, 0.006, 0.006], [0.0, 0.0, 0.87, 0.03, 0.0, 0.0, 0.084, 0.016], [0.008, 0.0, 0.006, 0.022, 0.002, 0.004, 0.02, 0.938], [0.022, 0.008, 0.004, 0.008, 0.022, 0.03, 0.052, 0.854], [0.15, 0.698, 0.002, 0.01, 0.056, 0.062, 0.004, 0.018], [0.0, 0.0, 0.052, 0.018, 0.002, 0.0, 0.926, 0.002], [0.088, 0.278, 0.002, 0.002, 0.152, 0.47, 0.002, 0.006], [0.054, 0.022, 0.002, 0.01, 0.196, 0.638, 0.0, 0.078], [0.622, 0.176, 0.04, 0.02, 0.044, 0.046, 0.026, 0.026], [0.0, 0.0, 0.894, 0.048, 0.002, 0.0, 0.056, 0.0], [0.002, 0.01, 0.076, 0.758, 0.024, 0.02, 0.042, 0.068], [0.016, 0.01, 0.314, 0.43, 0.012, 0.002, 0.156, 0.06], [0.172, 0.11, 0.002, 0.004, 0.534, 0.124, 0.006, 0.048], [0.016, 0.006, 0.62, 0.138, 0.0, 0.0, 0.212, 0.008], [0.096, 0.078, 0.002, 0.004, 0.052, 0.734, 0.002, 0.032], [0.078, 0.032, 0.004, 0.008, 0.048, 0.046, 0.024, 0.76], [0.098, 0.76, 0.0, 0.0, 0.104, 0.028, 0.004, 0.006], [0.022, 0.028, 0.068, 0.054, 0.054, 0.026, 0.062, 0.686], [0.004, 0.012, 0.544, 0.064, 0.008, 0.014, 0.202, 0.152], [0.002, 0.002, 0.05, 0.038, 0.002, 0.0, 0.902, 0.004], [0.092, 0.634, 0.024, 0.058, 0.062, 0.024, 0.006, 0.1], [0.022, 0.0, 0.122, 0.634, 0.006, 0.014, 0.19, 0.012], [0.02, 0.008, 0.792, 0.076, 0.006, 0.002, 0.074, 0.022], [0.036, 0.028, 0.0, 0.014, 0.866, 0.042, 0.0, 0.014], [0.008, 0.0, 0.136, 0.034, 0.002, 0.002, 0.81, 0.008], [0.004, 0.006, 0.048, 0.114, 0.0, 0.01, 0.778, 0.04], [0.094, 0.674, 0.002, 0.006, 0.128, 0.08, 0.002, 0.014], [0.042, 0.008, 0.022, 0.558, 0.016, 0.016, 0.092, 0.246], [0.0, 0.0, 0.012, 0.962, 0.006, 0.008, 0.01, 0.002], [0.014, 0.008, 0.162, 0.622, 0.0, 0.006, 0.172, 0.016], [0.188, 0.032, 0.034, 0.038, 0.612, 0.068, 0.016, 0.012], [0.046, 0.02, 0.0, 0.002, 0.18, 0.75, 0.002, 0.0], [0.008, 0.008, 0.856, 0.062, 0.0, 0.002, 0.046, 0.018], [0.004, 0.008, 0.082, 0.122, 0.004, 0.01, 0.726, 0.044], [0.0, 0.004, 0.184, 0.554, 0.0, 0.002, 0.238, 0.018], [0.07, 0.678, 0.038, 0.03, 0.03, 0.034, 0.048, 0.072], [0.022, 0.002, 0.048, 0.13, 0.006, 0.008, 0.772, 0.012], [0.002, 0.002, 0.926, 0.028, 0.0, 0.0, 0.036, 0.006], [0.628, 0.174, 0.018, 0.044, 0.082, 0.028, 0.012, 0.014], [0.006, 0.006, 0.05, 0.094, 0.0, 0.014, 0.76, 0.07], [0.248, 0.094, 0.036, 0.03, 0.528, 0.048, 0.008, 0.008], [0.008, 0.008, 0.802, 0.05, 0.002, 0.004, 0.078, 0.048], [0.006, 0.006, 0.014, 0.028, 0.01, 0.016, 0.03, 0.89], [0.708, 0.132, 0.052, 0.01, 0.032, 0.018, 0.024, 0.024], [0.636, 0.12, 0.002, 0.03, 0.072, 0.098, 0.01, 0.032], [0.108, 0.04, 0.026, 0.072, 0.024, 0.188, 0.074, 0.468], [0.064, 0.192, 0.008, 0.014, 0.58, 0.06, 0.0, 0.082], [0.022, 0.0, 0.142, 0.05, 0.002, 0.008, 0.732, 0.044], [0.568, 0.16, 0.006, 0.006, 0.062, 0.164, 0.014, 0.02], [0.012, 0.008, 0.004, 0.018, 0.008, 0.002, 0.016, 0.932], [0.678, 0.06, 0.0, 0.006, 0.074, 0.172, 0.0, 0.01], [0.682, 0.044, 0.006, 0.02, 0.09, 0.126, 0.0, 0.032], [0.004, 0.0, 0.4, 0.068, 0.006, 0.0, 0.518, 0.004], [0.012, 0.026, 0.03, 0.062, 0.018, 0.012, 0.036, 0.804], [0.052, 0.062, 0.0, 0.0, 0.072, 0.806, 0.0, 0.008], [0.002, 0.004, 0.246, 0.144, 0.002, 0.002, 0.592, 0.008], [0.004, 0.018, 0.74, 0.042, 0.008, 0.01, 0.072, 0.106], [0.088, 0.046, 0.008, 0.004, 0.138, 0.672, 0.004, 0.04], [0.718, 0.072, 0.022, 0.012, 0.128, 0.028, 0.004, 0.016], [0.002, 0.0, 0.918, 0.014, 0.002, 0.0, 0.062, 0.002], [0.104, 0.108, 0.002, 0.004, 0.662, 0.092, 0.002, 0.026], [0.13, 0.684, 0.008, 0.016, 0.062, 0.088, 0.004, 0.008], [0.002, 0.0, 0.008, 0.024, 0.006, 0.032, 0.014, 0.914], [0.008, 0.008, 0.892, 0.036, 0.002, 0.0, 0.048, 0.006], [0.0, 0.0, 0.868, 0.032, 0.0, 0.002, 0.084, 0.014], [0.026, 0.012, 0.556, 0.066, 0.006, 0.016, 0.246, 0.072], [0.004, 0.002, 0.11, 0.036, 0.002, 0.0, 0.836, 0.01], [0.012, 0.004, 0.764, 0.038, 0.004, 0.002, 0.1, 0.076], [0.022, 0.004, 0.148, 0.682, 0.036, 0.024, 0.068, 0.016], [0.076, 0.016, 0.0, 0.002, 0.682, 0.188, 0.0, 0.036], [0.014, 0.014, 0.06, 0.032, 0.01, 0.004, 0.778, 0.088], [0.016, 0.006, 0.05, 0.676, 0.0, 0.006, 0.236, 0.01], [0.008, 0.002, 0.002, 0.012, 0.004, 0.02, 0.022, 0.93], [0.16, 0.046, 0.01, 0.016, 0.694, 0.048, 0.012, 0.014], [0.07, 0.098, 0.0, 0.004, 0.076, 0.7, 0.004, 0.048], [0.004, 0.006, 0.146, 0.052, 0.004, 0.0, 0.762, 0.026], [0.694, 0.07, 0.002, 0.008, 0.12, 0.084, 0.002, 0.02], [0.0, 0.002, 0.04, 0.894, 0.004, 0.006, 0.042, 0.012], [0.162, 0.136, 0.002, 0.004, 0.582, 0.104, 0.0, 0.01], [0.006, 0.014, 0.002, 0.006, 0.954, 0.014, 0.0, 0.004], [0.04, 0.096, 0.0, 0.0, 0.084, 0.78, 0.0, 0.0], [0.588, 0.308, 0.01, 0.004, 0.02, 0.05, 0.018, 0.002], [0.002, 0.006, 0.736, 0.118, 0.0, 0.0, 0.128, 0.01], [0.094, 0.056, 0.0, 0.002, 0.314, 0.478, 0.004, 0.052], [0.0, 0.002, 0.056, 0.932, 0.002, 0.002, 0.006, 0.0], [0.076, 0.088, 0.074, 0.026, 0.546, 0.14, 0.032, 0.018], [0.116, 0.028, 0.006, 0.004, 0.544, 0.292, 0.006, 0.004], [0.082, 0.012, 0.014, 0.05, 0.778, 0.054, 0.004, 0.006], [0.022, 0.022, 0.016, 0.018, 0.868, 0.048, 0.002, 0.004], [0.158, 0.152, 0.002, 0.012, 0.548, 0.106, 0.012, 0.01]], "computation-time": 7.435503959655762, "max-memory-usage": 46751139}