{"auroc": 0.9998165032448261, "aupr": 0.998803674847512, "y": [0, 3, 4, 0, 1, 7, 0, 6, 1, 3, 6, 3, 6, 5, 5, 1, 2, 1, 5, 6, 7, 1, 4, 2, 7, 2, 3, 2, 4, 0, 6, 5, 0, 5, 4, 4, 0, 7, 1, 4, 4, 1, 2, 6, 5, 6, 3, 6, 1, 2, 7, 3, 3, 5, 5, 5, 5, 2, 3, 3, 1, 7, 0, 4, 7, 6, 1, 0, 2, 3, 7, 1, 3, 2, 2, 7, 4, 0, 2, 6, 4, 2, 7, 1, 4, 6, 7, 0, 4, 3, 4, 7, 5, 6, 5, 0, 0, 6, 2, 7, 6, 6, 1, 5, 2, 2, 7, 6, 3, 0, 7, 3, 5, 2, 3, 1, 6, 0, 4, 1, 6, 2, 3, 2, 6, 1, 0, 7, 0, 4, 4, 5, 4, 2, 7, 0, 4, 2, 7, 4, 0, 2, 6, 4, 3, 1, 5, 7, 3, 3, 7, 6, 4, 4, 3, 6, 7, 7, 4, 2, 0, 3, 0, 3, 1, 1, 6, 7, 3, 4, 4, 7, 7, 3, 6, 6, 0, 0, 2, 1, 7, 0, 4, 2, 0, 3, 4, 1, 2, 3, 6, 0, 2, 0, 1, 7, 3, 6, 1, 0, 3, 1, 2, 3, 1, 0, 0, 4, 0, 2, 7, 6, 1, 5, 2, 7, 4, 1, 2, 4, 2, 5, 1, 6, 5, 4, 1, 6, 0, 1, 7, 2, 4, 1, 0, 2, 7, 7, 1, 6, 5, 5, 0, 2, 3, 3, 4, 2, 5, 7, 1, 7, 2, 6, 1, 3, 2, 4, 6, 6, 1, 3, 3, 3, 4, 5, 2, 6, 3, 1, 6, 2, 0, 6, 4, 2, 7, 0, 0, 7, 4, 6, 0, 7, 0, 0, 6, 7, 5, 6, 2, 5, 0, 2, 4, 1, 7, 2, 2, 2, 6, 2, 3, 4, 6, 3, 7, 4, 5, 6, 0, 3, 4, 4, 5, 0, 2, 5, 3, 4, 4, 4, 4, 4], "y-hat": [[0.502, 0.31, 0.04, 0.008, 0.044, 0.026, 0.0, 0.07], [0.018, 0.004, 0.068, 0.846, 0.002, 0.004, 0.044, 0.014], [0.116, 0.204, 0.008, 0.016, 0.402, 0.156, 0.002, 0.096], [0.958, 0.012, 0.002, 0.006, 0.002, 0.014, 0.002, 0.004], [0.068, 0.752, 0.0, 0.004, 0.08, 0.08, 0.004, 0.012], [0.032, 0.022, 0.048, 0.034, 0.02, 0.034, 0.13, 0.68], [0.638, 0.25, 0.0, 0.0, 0.04, 0.068, 0.002, 0.002], [0.006, 0.0, 0.004, 0.008, 0.0, 0.002, 0.96, 0.02], [0.128, 0.432, 0.048, 0.044, 0.134, 0.064, 0.048, 0.102], [0.002, 0.002, 0.09, 0.792, 0.0, 0.0, 0.114, 0.0], [0.028, 0.002, 0.172, 0.06, 0.008, 0.016, 0.584, 0.13], [0.008, 0.004, 0.248, 0.558, 0.0, 0.002, 0.042, 0.138], [0.022, 0.028, 0.076, 0.118, 0.004, 0.018, 0.606, 0.128], [0.122, 0.084, 0.014, 0.002, 0.104, 0.608, 0.004, 0.062], [0.154, 0.102, 0.002, 0.004, 0.032, 0.67, 0.004, 0.032], [0.054, 0.76, 0.0, 0.0, 0.124, 0.056, 0.0, 0.006], [0.008, 0.002, 0.474, 0.048, 0.004, 0.002, 0.424, 0.038], [0.218, 0.54, 0.02, 0.066, 0.014, 0.014, 0.058, 0.07], [0.042, 0.02, 0.0, 0.002, 0.082, 0.846, 0.002, 0.006], [0.01, 0.016, 0.076, 0.15, 0.002, 0.004, 0.658, 0.084], [0.14, 0.102, 0.07, 0.036, 0.058, 0.06, 0.016, 0.518], [0.142, 0.702, 0.0, 0.0, 0.118, 0.03, 0.002, 0.006], [0.126, 0.2, 0.002, 0.0, 0.552, 0.106, 0.0, 0.014], [0.056, 0.052, 0.622, 0.064, 0.02, 0.058, 0.052, 0.076], [0.024, 0.02, 0.032, 0.03, 0.002, 0.006, 0.004, 0.882], [0.0, 0.0, 0.846, 0.136, 0.0, 0.0, 0.016, 0.002], [0.006, 0.0, 0.034, 0.894, 0.0, 0.0, 0.058, 0.008], [0.02, 0.008, 0.796, 0.052, 0.004, 0.012, 0.064, 0.044], [0.104, 0.108, 0.002, 0.002, 0.728, 0.046, 0.004, 0.006], [0.688, 0.086, 0.008, 0.016, 0.026, 0.144, 0.014, 0.018], [0.002, 0.0, 0.096, 0.038, 0.002, 0.0, 0.85, 0.012], [0.116, 0.112, 0.002, 0.0, 0.088, 0.678, 0.002, 0.002], [0.814, 0.044, 0.002, 0.0, 0.034, 0.076, 0.006, 0.024], [0.066, 0.188, 0.006, 0.004, 0.07, 0.59, 0.008, 0.068], [0.138, 0.098, 0.0, 0.0, 0.736, 0.024, 0.0, 0.004], [0.176, 0.154, 0.0, 0.0, 0.626, 0.044, 0.0, 0.0], [0.522, 0.292, 0.004, 0.002, 0.08, 0.07, 0.004, 0.026], [0.042, 0.042, 0.064, 0.046, 0.006, 0.01, 0.048, 0.742], [0.102, 0.772, 0.002, 0.002, 0.048, 0.056, 0.006, 0.012], [0.132, 0.088, 0.002, 0.002, 0.366, 0.378, 0.006, 0.026], [0.018, 0.002, 0.0, 0.002, 0.95, 0.028, 0.0, 0.0], [0.108, 0.472, 0.0, 0.0, 0.256, 0.158, 0.0, 0.006], [0.0, 0.0, 0.854, 0.042, 0.0, 0.0, 0.072, 0.032], [0.014, 0.01, 0.082, 0.034, 0.004, 0.014, 0.782, 0.06], [0.034, 0.032, 0.0, 0.0, 0.096, 0.832, 0.002, 0.004], [0.016, 0.006, 0.374, 0.066, 0.004, 0.008, 0.516, 0.01], [0.006, 0.006, 0.07, 0.796, 0.002, 0.002, 0.046, 0.072], [0.014, 0.032, 0.052, 0.23, 0.0, 0.002, 0.584, 0.086], [0.146, 0.552, 0.002, 0.002, 0.196, 0.074, 0.008, 0.02], [0.022, 0.034, 0.75, 0.09, 0.002, 0.014, 0.022, 0.066], [0.028, 0.048, 0.01, 0.016, 0.012, 0.066, 0.03, 0.79], [0.004, 0.0, 0.16, 0.662, 0.0, 0.0, 0.158, 0.016], [0.024, 0.024, 0.138, 0.704, 0.006, 0.004, 0.054, 0.046], [0.102, 0.128, 0.018, 0.01, 0.082, 0.632, 0.012, 0.016], [0.08, 0.1, 0.002, 0.008, 0.128, 0.67, 0.002, 0.01], [0.174, 0.106, 0.01, 0.004, 0.048, 0.632, 0.014, 0.012], [0.166, 0.126, 0.004, 0.0, 0.048, 0.63, 0.01, 0.016], [0.0, 0.0, 0.9, 0.028, 0.0, 0.0, 0.03, 0.042], [0.028, 0.01, 0.036, 0.78, 0.002, 0.004, 0.124, 0.016], [0.026, 0.0, 0.052, 0.838, 0.0, 0.004, 0.056, 0.024], [0.186, 0.576, 0.0, 0.0, 0.128, 0.09, 0.006, 0.014], [0.0, 0.004, 0.04, 0.1, 0.0, 0.004, 0.024, 0.828], [0.666, 0.2, 0.03, 0.008, 0.018, 0.014, 0.014, 0.05], [0.306, 0.138, 0.0, 0.0, 0.492, 0.042, 0.006, 0.016], [0.018, 0.032, 0.074, 0.026, 0.006, 0.018, 0.078, 0.748], [0.01, 0.004, 0.094, 0.164, 0.0, 0.006, 0.592, 0.13], [0.106, 0.64, 0.008, 0.008, 0.074, 0.094, 0.006, 0.064], [0.526, 0.304, 0.028, 0.008, 0.048, 0.044, 0.0, 0.042], [0.002, 0.018, 0.706, 0.042, 0.0, 0.004, 0.032, 0.196], [0.004, 0.0, 0.07, 0.868, 0.0, 0.002, 0.024, 0.032], [0.0, 0.01, 0.056, 0.104, 0.002, 0.004, 0.048, 0.776], [0.15, 0.456, 0.038, 0.01, 0.102, 0.124, 0.054, 0.066], [0.03, 0.02, 0.33, 0.338, 0.002, 0.0, 0.184, 0.096], [0.038, 0.026, 0.744, 0.122, 0.01, 0.004, 0.004, 0.052], [0.002, 0.0, 0.92, 0.052, 0.0, 0.0, 0.026, 0.0], [0.01, 0.008, 0.014, 0.016, 0.002, 0.026, 0.01, 0.914], [0.072, 0.09, 0.0, 0.0, 0.806, 0.024, 0.004, 0.004], [0.81, 0.07, 0.008, 0.028, 0.014, 0.056, 0.008, 0.006], [0.002, 0.0, 0.862, 0.048, 0.0, 0.0, 0.072, 0.016], [0.01, 0.008, 0.056, 0.226, 0.0, 0.0, 0.664, 0.036], [0.154, 0.454, 0.008, 0.002, 0.3, 0.062, 0.006, 0.014], [0.008, 0.028, 0.656, 0.078, 0.004, 0.004, 0.148, 0.074], [0.008, 0.004, 0.022, 0.032, 0.0, 0.01, 0.008, 0.916], [0.216, 0.632, 0.006, 0.024, 0.03, 0.048, 0.03, 0.014], [0.056, 0.056, 0.0, 0.0, 0.834, 0.05, 0.0, 0.004], [0.02, 0.01, 0.178, 0.032, 0.002, 0.022, 0.698, 0.038], [0.022, 0.038, 0.082, 0.066, 0.008, 0.022, 0.022, 0.74], [0.466, 0.028, 0.0, 0.0, 0.374, 0.1, 0.002, 0.03], [0.136, 0.032, 0.002, 0.012, 0.664, 0.15, 0.004, 0.0], [0.004, 0.002, 0.09, 0.788, 0.0, 0.0, 0.11, 0.006], [0.272, 0.088, 0.002, 0.002, 0.366, 0.246, 0.004, 0.02], [0.016, 0.02, 0.024, 0.004, 0.004, 0.002, 0.044, 0.886], [0.102, 0.058, 0.002, 0.0, 0.202, 0.626, 0.0, 0.01], [0.014, 0.008, 0.046, 0.244, 0.004, 0.002, 0.648, 0.034], [0.074, 0.058, 0.002, 0.002, 0.32, 0.536, 0.002, 0.006], [0.864, 0.072, 0.0, 0.0, 0.018, 0.032, 0.006, 0.008], [0.728, 0.082, 0.022, 0.034, 0.066, 0.04, 0.006, 0.022], [0.006, 0.002, 0.28, 0.064, 0.0, 0.0, 0.636, 0.012], [0.008, 0.0, 0.694, 0.104, 0.0, 0.004, 0.128, 0.062], [0.078, 0.12, 0.016, 0.046, 0.022, 0.076, 0.028, 0.614], [0.002, 0.002, 0.282, 0.078, 0.0, 0.0, 0.62, 0.016], [0.01, 0.006, 0.12, 0.014, 0.006, 0.012, 0.806, 0.026], [0.084, 0.298, 0.0, 0.0, 0.336, 0.272, 0.0, 0.01], [0.108, 0.064, 0.006, 0.002, 0.23, 0.538, 0.006, 0.046], [0.014, 0.008, 0.536, 0.03, 0.004, 0.02, 0.172, 0.216], [0.0, 0.0, 0.928, 0.032, 0.0, 0.0, 0.04, 0.0], [0.008, 0.004, 0.022, 0.044, 0.0, 0.004, 0.096, 0.822], [0.0, 0.0, 0.022, 0.014, 0.0, 0.0, 0.938, 0.026], [0.024, 0.014, 0.03, 0.606, 0.004, 0.01, 0.286, 0.026], [0.398, 0.332, 0.0, 0.002, 0.166, 0.094, 0.004, 0.004], [0.004, 0.01, 0.02, 0.026, 0.0, 0.01, 0.024, 0.906], [0.004, 0.002, 0.032, 0.708, 0.0, 0.002, 0.246, 0.006], [0.108, 0.054, 0.0, 0.0, 0.074, 0.72, 0.002, 0.042], [0.014, 0.014, 0.808, 0.056, 0.0, 0.002, 0.048, 0.058], [0.002, 0.004, 0.114, 0.804, 0.0, 0.0, 0.064, 0.012], [0.078, 0.656, 0.002, 0.002, 0.164, 0.072, 0.004, 0.022], [0.002, 0.002, 0.014, 0.024, 0.0, 0.0, 0.904, 0.054], [0.932, 0.02, 0.0, 0.002, 0.004, 0.034, 0.004, 0.004], [0.206, 0.044, 0.016, 0.016, 0.564, 0.124, 0.012, 0.018], [0.044, 0.796, 0.006, 0.004, 0.096, 0.038, 0.002, 0.014], [0.004, 0.004, 0.03, 0.052, 0.002, 0.002, 0.802, 0.104], [0.012, 0.004, 0.734, 0.116, 0.0, 0.0, 0.1, 0.034], [0.0, 0.0, 0.056, 0.924, 0.0, 0.0, 0.014, 0.006], [0.008, 0.0, 0.832, 0.052, 0.0, 0.002, 0.096, 0.01], [0.004, 0.008, 0.046, 0.104, 0.0, 0.004, 0.75, 0.084], [0.164, 0.648, 0.0, 0.0, 0.07, 0.094, 0.004, 0.02], [0.546, 0.2, 0.0, 0.006, 0.048, 0.16, 0.012, 0.028], [0.014, 0.038, 0.064, 0.046, 0.008, 0.002, 0.084, 0.744], [0.588, 0.06, 0.0, 0.0, 0.274, 0.068, 0.004, 0.006], [0.192, 0.066, 0.006, 0.01, 0.614, 0.106, 0.006, 0.0], [0.066, 0.014, 0.0, 0.0, 0.778, 0.134, 0.0, 0.008], [0.032, 0.084, 0.0, 0.002, 0.126, 0.668, 0.004, 0.084], [0.114, 0.074, 0.0, 0.0, 0.632, 0.172, 0.002, 0.006], [0.002, 0.0, 0.836, 0.054, 0.0, 0.0, 0.09, 0.018], [0.034, 0.06, 0.08, 0.024, 0.008, 0.018, 0.11, 0.666], [0.672, 0.084, 0.002, 0.0, 0.108, 0.104, 0.012, 0.018], [0.088, 0.05, 0.008, 0.006, 0.716, 0.126, 0.004, 0.002], [0.002, 0.002, 0.944, 0.024, 0.0, 0.002, 0.004, 0.022], [0.014, 0.008, 0.03, 0.026, 0.006, 0.004, 0.102, 0.81], [0.0, 0.018, 0.0, 0.0, 0.936, 0.046, 0.0, 0.0], [0.762, 0.05, 0.006, 0.002, 0.098, 0.042, 0.026, 0.014], [0.01, 0.006, 0.61, 0.198, 0.0, 0.004, 0.138, 0.034], [0.002, 0.002, 0.078, 0.048, 0.002, 0.004, 0.852, 0.012], [0.03, 0.022, 0.0, 0.0, 0.878, 0.07, 0.0, 0.0], [0.004, 0.002, 0.066, 0.756, 0.0, 0.0, 0.166, 0.006], [0.132, 0.624, 0.006, 0.0, 0.082, 0.136, 0.008, 0.012], [0.134, 0.064, 0.004, 0.004, 0.062, 0.662, 0.01, 0.06], [0.08, 0.102, 0.014, 0.062, 0.016, 0.06, 0.026, 0.64], [0.054, 0.012, 0.042, 0.732, 0.012, 0.022, 0.116, 0.01], [0.014, 0.004, 0.142, 0.726, 0.002, 0.008, 0.034, 0.07], [0.004, 0.02, 0.048, 0.046, 0.004, 0.0, 0.078, 0.8], [0.004, 0.012, 0.078, 0.1, 0.0, 0.008, 0.664, 0.134], [0.254, 0.312, 0.004, 0.004, 0.358, 0.046, 0.004, 0.018], [0.122, 0.142, 0.0, 0.0, 0.64, 0.088, 0.0, 0.008], [0.006, 0.0, 0.042, 0.936, 0.0, 0.0, 0.012, 0.004], [0.0, 0.002, 0.08, 0.124, 0.004, 0.002, 0.762, 0.026], [0.008, 0.012, 0.002, 0.022, 0.006, 0.016, 0.014, 0.92], [0.052, 0.068, 0.01, 0.004, 0.036, 0.094, 0.018, 0.718], [0.06, 0.024, 0.004, 0.004, 0.882, 0.018, 0.0, 0.008], [0.004, 0.006, 0.672, 0.07, 0.006, 0.0, 0.194, 0.048], [0.826, 0.038, 0.002, 0.016, 0.014, 0.086, 0.018, 0.0], [0.002, 0.002, 0.15, 0.622, 0.0, 0.0, 0.218, 0.006], [0.742, 0.072, 0.01, 0.012, 0.014, 0.098, 0.026, 0.026], [0.0, 0.0, 0.214, 0.68, 0.002, 0.0, 0.1, 0.004], [0.124, 0.788, 0.004, 0.004, 0.04, 0.034, 0.002, 0.004], [0.102, 0.712, 0.0, 0.004, 0.118, 0.034, 0.008, 0.022], [0.006, 0.002, 0.116, 0.204, 0.002, 0.012, 0.612, 0.046], [0.038, 0.03, 0.004, 0.002, 0.03, 0.056, 0.02, 0.82], [0.002, 0.002, 0.024, 0.954, 0.0, 0.0, 0.016, 0.002], [0.082, 0.058, 0.0, 0.0, 0.828, 0.032, 0.0, 0.0], [0.008, 0.008, 0.0, 0.0, 0.924, 0.06, 0.0, 0.0], [0.0, 0.002, 0.008, 0.004, 0.0, 0.0, 0.022, 0.964], [0.026, 0.032, 0.02, 0.004, 0.034, 0.042, 0.04, 0.802], [0.012, 0.016, 0.124, 0.694, 0.006, 0.002, 0.108, 0.038], [0.006, 0.006, 0.146, 0.116, 0.0, 0.004, 0.584, 0.138], [0.002, 0.0, 0.016, 0.03, 0.0, 0.002, 0.902, 0.048], [0.808, 0.036, 0.004, 0.004, 0.058, 0.062, 0.002, 0.026], [0.87, 0.036, 0.002, 0.006, 0.01, 0.06, 0.01, 0.006], [0.008, 0.004, 0.778, 0.12, 0.002, 0.002, 0.064, 0.022], [0.198, 0.35, 0.092, 0.042, 0.098, 0.168, 0.016, 0.036], [0.008, 0.004, 0.01, 0.014, 0.0, 0.014, 0.006, 0.944], [0.858, 0.01, 0.024, 0.042, 0.002, 0.014, 0.048, 0.002], [0.204, 0.29, 0.002, 0.0, 0.4, 0.072, 0.004, 0.028], [0.006, 0.01, 0.564, 0.044, 0.002, 0.006, 0.286, 0.082], [0.748, 0.044, 0.058, 0.072, 0.018, 0.03, 0.024, 0.006], [0.026, 0.006, 0.052, 0.82, 0.01, 0.012, 0.058, 0.016], [0.036, 0.02, 0.002, 0.006, 0.568, 0.35, 0.012, 0.006], [0.052, 0.706, 0.0, 0.0, 0.154, 0.086, 0.0, 0.002], [0.0, 0.002, 0.952, 0.028, 0.0, 0.0, 0.014, 0.004], [0.012, 0.01, 0.108, 0.546, 0.002, 0.0, 0.106, 0.216], [0.004, 0.0, 0.494, 0.104, 0.002, 0.0, 0.388, 0.008], [0.566, 0.216, 0.0, 0.0, 0.12, 0.098, 0.0, 0.0], [0.026, 0.014, 0.662, 0.06, 0.002, 0.004, 0.154, 0.078], [0.844, 0.05, 0.002, 0.034, 0.01, 0.036, 0.018, 0.006], [0.13, 0.738, 0.002, 0.0, 0.048, 0.082, 0.0, 0.0], [0.0, 0.004, 0.016, 0.038, 0.002, 0.01, 0.01, 0.92], [0.018, 0.0, 0.046, 0.858, 0.002, 0.006, 0.058, 0.012], [0.014, 0.016, 0.04, 0.024, 0.008, 0.022, 0.788, 0.088], [0.174, 0.548, 0.0, 0.0, 0.084, 0.186, 0.0, 0.008], [0.826, 0.086, 0.002, 0.01, 0.034, 0.026, 0.006, 0.01], [0.018, 0.002, 0.088, 0.758, 0.0, 0.0, 0.126, 0.008], [0.102, 0.528, 0.006, 0.006, 0.192, 0.162, 0.002, 0.002], [0.002, 0.0, 0.878, 0.028, 0.0, 0.0, 0.054, 0.038], [0.0, 0.0, 0.014, 0.98, 0.0, 0.0, 0.006, 0.0], [0.048, 0.78, 0.008, 0.004, 0.1, 0.042, 0.004, 0.014], [0.648, 0.106, 0.024, 0.014, 0.078, 0.09, 0.012, 0.028], [0.776, 0.062, 0.0, 0.004, 0.078, 0.068, 0.006, 0.006], [0.172, 0.128, 0.0, 0.004, 0.62, 0.07, 0.002, 0.004], [0.82, 0.072, 0.0, 0.006, 0.064, 0.038, 0.0, 0.0], [0.002, 0.004, 0.89, 0.048, 0.0, 0.0, 0.046, 0.01], [0.008, 0.032, 0.062, 0.006, 0.002, 0.0, 0.126, 0.764], [0.006, 0.008, 0.022, 0.14, 0.0, 0.0, 0.75, 0.074], [0.122, 0.712, 0.0, 0.0, 0.064, 0.066, 0.002, 0.034], [0.138, 0.15, 0.0, 0.002, 0.08, 0.608, 0.012, 0.01], [0.002, 0.0, 0.82, 0.098, 0.0, 0.002, 0.058, 0.02], [0.004, 0.016, 0.03, 0.026, 0.0, 0.0, 0.092, 0.832], [0.106, 0.08, 0.0, 0.004, 0.718, 0.082, 0.0, 0.01], [0.118, 0.564, 0.0, 0.0, 0.182, 0.084, 0.006, 0.046], [0.002, 0.002, 0.922, 0.048, 0.0, 0.0, 0.018, 0.008], [0.09, 0.228, 0.006, 0.008, 0.518, 0.11, 0.0, 0.04], [0.004, 0.002, 0.84, 0.112, 0.0, 0.0, 0.038, 0.004], [0.038, 0.014, 0.0, 0.004, 0.11, 0.83, 0.002, 0.002], [0.252, 0.52, 0.0, 0.018, 0.02, 0.078, 0.026, 0.086], [0.006, 0.002, 0.184, 0.038, 0.0, 0.0, 0.758, 0.012], [0.062, 0.08, 0.004, 0.0, 0.07, 0.76, 0.004, 0.02], [0.032, 0.014, 0.0, 0.0, 0.888, 0.064, 0.002, 0.0], [0.056, 0.818, 0.0, 0.0, 0.074, 0.03, 0.002, 0.02], [0.008, 0.002, 0.11, 0.15, 0.0, 0.006, 0.696, 0.028], [0.926, 0.038, 0.002, 0.0, 0.008, 0.022, 0.0, 0.004], [0.212, 0.702, 0.024, 0.004, 0.016, 0.034, 0.0, 0.008], [0.008, 0.032, 0.096, 0.028, 0.006, 0.006, 0.126, 0.698], [0.01, 0.012, 0.582, 0.058, 0.0, 0.002, 0.278, 0.058], [0.166, 0.112, 0.004, 0.01, 0.51, 0.19, 0.004, 0.004], [0.178, 0.616, 0.006, 0.012, 0.064, 0.088, 0.024, 0.012], [0.844, 0.052, 0.002, 0.002, 0.03, 0.056, 0.008, 0.006], [0.004, 0.002, 0.858, 0.076, 0.0, 0.0, 0.032, 0.028], [0.01, 0.0, 0.006, 0.006, 0.004, 0.006, 0.032, 0.936], [0.058, 0.034, 0.004, 0.008, 0.012, 0.052, 0.024, 0.808], [0.25, 0.608, 0.002, 0.026, 0.036, 0.034, 0.026, 0.018], [0.012, 0.002, 0.024, 0.018, 0.002, 0.0, 0.928, 0.014], [0.154, 0.204, 0.0, 0.002, 0.208, 0.428, 0.0, 0.004], [0.034, 0.064, 0.0, 0.002, 0.206, 0.662, 0.0, 0.032], [0.604, 0.196, 0.002, 0.0, 0.052, 0.138, 0.002, 0.006], [0.0, 0.0, 0.974, 0.018, 0.0, 0.0, 0.004, 0.004], [0.022, 0.004, 0.14, 0.684, 0.006, 0.0, 0.048, 0.096], [0.012, 0.01, 0.276, 0.524, 0.0, 0.002, 0.156, 0.02], [0.196, 0.088, 0.0, 0.0, 0.47, 0.222, 0.002, 0.022], [0.002, 0.0, 0.828, 0.12, 0.0, 0.0, 0.048, 0.002], [0.074, 0.086, 0.0, 0.002, 0.058, 0.75, 0.002, 0.028], [0.036, 0.056, 0.012, 0.008, 0.014, 0.036, 0.018, 0.82], [0.064, 0.85, 0.0, 0.0, 0.062, 0.022, 0.0, 0.002], [0.012, 0.028, 0.088, 0.038, 0.0, 0.012, 0.11, 0.712], [0.01, 0.008, 0.654, 0.084, 0.004, 0.008, 0.136, 0.096], [0.002, 0.0, 0.046, 0.04, 0.0, 0.0, 0.896, 0.016], [0.176, 0.588, 0.018, 0.01, 0.06, 0.078, 0.002, 0.068], [0.008, 0.0, 0.02, 0.946, 0.0, 0.0, 0.024, 0.002], [0.024, 0.018, 0.71, 0.106, 0.004, 0.004, 0.082, 0.052], [0.002, 0.014, 0.0, 0.0, 0.922, 0.054, 0.0, 0.008], [0.028, 0.004, 0.078, 0.044, 0.006, 0.024, 0.788, 0.028], [0.0, 0.0, 0.034, 0.138, 0.0, 0.0, 0.8, 0.028], [0.124, 0.71, 0.006, 0.012, 0.028, 0.04, 0.012, 0.068], [0.006, 0.006, 0.11, 0.594, 0.0, 0.002, 0.146, 0.136], [0.0, 0.004, 0.032, 0.938, 0.0, 0.002, 0.02, 0.004], [0.002, 0.008, 0.072, 0.856, 0.0, 0.0, 0.058, 0.004], [0.194, 0.024, 0.014, 0.016, 0.596, 0.132, 0.024, 0.0], [0.028, 0.018, 0.0, 0.0, 0.278, 0.676, 0.0, 0.0], [0.004, 0.002, 0.94, 0.02, 0.0, 0.004, 0.024, 0.006], [0.006, 0.012, 0.086, 0.19, 0.002, 0.006, 0.64, 0.058], [0.002, 0.002, 0.102, 0.73, 0.002, 0.0, 0.152, 0.01], [0.132, 0.484, 0.032, 0.018, 0.104, 0.066, 0.056, 0.108], [0.014, 0.006, 0.06, 0.182, 0.002, 0.0, 0.7, 0.036], [0.0, 0.004, 0.922, 0.052, 0.0, 0.0, 0.014, 0.008], [0.58, 0.14, 0.014, 0.006, 0.162, 0.058, 0.03, 0.01], [0.008, 0.0, 0.076, 0.148, 0.0, 0.0, 0.71, 0.058], [0.206, 0.142, 0.04, 0.008, 0.45, 0.124, 0.002, 0.028], [0.002, 0.002, 0.854, 0.03, 0.0, 0.002, 0.074, 0.036], [0.006, 0.012, 0.04, 0.038, 0.008, 0.006, 0.096, 0.794], [0.654, 0.228, 0.004, 0.0, 0.052, 0.054, 0.004, 0.004], [0.548, 0.156, 0.004, 0.014, 0.046, 0.168, 0.022, 0.042], [0.076, 0.074, 0.026, 0.078, 0.016, 0.056, 0.078, 0.596], [0.102, 0.114, 0.0, 0.002, 0.666, 0.108, 0.002, 0.006], [0.016, 0.006, 0.08, 0.058, 0.004, 0.012, 0.684, 0.14], [0.522, 0.11, 0.002, 0.002, 0.062, 0.26, 0.014, 0.028], [0.01, 0.01, 0.02, 0.008, 0.004, 0.016, 0.056, 0.876], [0.664, 0.102, 0.002, 0.002, 0.046, 0.122, 0.002, 0.06], [0.672, 0.042, 0.0, 0.008, 0.22, 0.046, 0.0, 0.012], [0.026, 0.01, 0.3, 0.062, 0.004, 0.026, 0.532, 0.04], [0.02, 0.022, 0.06, 0.02, 0.006, 0.0, 0.076, 0.796], [0.07, 0.054, 0.0, 0.0, 0.024, 0.844, 0.0, 0.008], [0.026, 0.0, 0.136, 0.09, 0.004, 0.004, 0.724, 0.016], [0.0, 0.018, 0.656, 0.048, 0.0, 0.004, 0.04, 0.234], [0.086, 0.074, 0.006, 0.012, 0.102, 0.626, 0.01, 0.084], [0.764, 0.044, 0.006, 0.004, 0.128, 0.044, 0.002, 0.008], [0.0, 0.0, 0.928, 0.026, 0.0, 0.0, 0.04, 0.006], [0.156, 0.072, 0.0, 0.0, 0.634, 0.126, 0.004, 0.008], [0.178, 0.566, 0.008, 0.016, 0.082, 0.094, 0.042, 0.014], [0.0, 0.014, 0.036, 0.044, 0.002, 0.006, 0.046, 0.852], [0.008, 0.004, 0.888, 0.076, 0.0, 0.002, 0.016, 0.006], [0.004, 0.0, 0.802, 0.056, 0.0, 0.002, 0.118, 0.018], [0.022, 0.006, 0.626, 0.106, 0.0, 0.0, 0.152, 0.088], [0.012, 0.0, 0.108, 0.016, 0.0, 0.008, 0.834, 0.022], [0.006, 0.0, 0.784, 0.064, 0.0, 0.002, 0.124, 0.02], [0.022, 0.008, 0.188, 0.626, 0.01, 0.008, 0.062, 0.076], [0.068, 0.016, 0.0, 0.0, 0.808, 0.096, 0.0, 0.012], [0.01, 0.024, 0.066, 0.092, 0.002, 0.004, 0.622, 0.18], [0.006, 0.006, 0.054, 0.646, 0.0, 0.002, 0.28, 0.006], [0.004, 0.0, 0.012, 0.02, 0.004, 0.0, 0.026, 0.934], [0.022, 0.012, 0.0, 0.0, 0.906, 0.054, 0.0, 0.006], [0.114, 0.052, 0.0, 0.002, 0.08, 0.706, 0.002, 0.044], [0.006, 0.0, 0.166, 0.018, 0.0, 0.002, 0.806, 0.002], [0.624, 0.152, 0.026, 0.026, 0.056, 0.06, 0.012, 0.044], [0.0, 0.006, 0.04, 0.818, 0.0, 0.002, 0.126, 0.008], [0.14, 0.122, 0.0, 0.0, 0.632, 0.098, 0.0, 0.008], [0.016, 0.002, 0.0, 0.002, 0.94, 0.036, 0.002, 0.002], [0.074, 0.068, 0.002, 0.002, 0.092, 0.756, 0.002, 0.004], [0.546, 0.378, 0.002, 0.0, 0.036, 0.036, 0.0, 0.002], [0.002, 0.0, 0.85, 0.08, 0.0, 0.0, 0.064, 0.004], [0.048, 0.096, 0.0, 0.002, 0.234, 0.562, 0.002, 0.056], [0.004, 0.002, 0.04, 0.924, 0.0, 0.0, 0.026, 0.004], [0.098, 0.084, 0.006, 0.008, 0.612, 0.18, 0.01, 0.002], [0.06, 0.038, 0.002, 0.004, 0.544, 0.338, 0.008, 0.006], [0.088, 0.024, 0.01, 0.01, 0.71, 0.132, 0.016, 0.01], [0.052, 0.066, 0.004, 0.004, 0.776, 0.088, 0.002, 0.008], [0.222, 0.114, 0.002, 0.006, 0.55, 0.094, 0.002, 0.01]], "computation-time": 28.90402626991272, "max-memory-usage": 44272624}